	A.1	A.2	A.3	A.4	A.5	A.6	A.7	A.8	A.9	A.11	A.12	A.13	A.14	A.15	A.16	A.17	A.20	A.21
ASV1	2147	9102	5427	5847	6717	5090	5672	7562	7627	5453	5162	6308	5120	5775	7574	5663	2659	2404
ASV10	121	272	279	365	783	572	671	1132	762	507	525	673	616	475	529	553	316	227
ASV100	22	4	10	7	20	7	3	9	7	7	16	12	23	26	20	69	65	94
ASV1002	16	12	12	10	11	13	11	11	3	10	10	15	11	8	10	2	13	12
ASV1005	10	7	5	3	3	6	4	4	1	1	2	2	7	4	7	5	2	2
ASV1007	2	1	3	1	4	6	5	6	6	8	5	10	11	9	7	11	8	5
ASV101	6	1	3	5	4	12	7	1	3	3	7	3	3	9	5	8	8	5
ASV1013	4	5	4	6	4	4	4	1	9	12	4	6	14	11	12	17	6	5
ASV1015	8	10	7	12	12	10	14	12	11	6	18	10	12	11	9	15	12	11
ASV1017	4	2	1	3	1	4	1	3	3	1	9	6	8	6	4	11	7	6
ASV102	32	12	18	14	16	23	12	24	15	21	23	22	22	26	21	67	32	50
ASV1020	3	8	5	3	2	3	6	3	5	8	5	3	6	5	3	4	5	5
ASV1024	16	9	2	6	8	5	6	5	4	3	4	2	2	3	2	2	2	7
ASV1026	10	7	6	8	4	4	3	4	3	8	5	5	3	1	3	4	1	2
ASV1027	5	7	6	10	8	5	9	5	5	6	4	5	13	6	6	3	6	3
ASV103	48	30	50	38	60	51	76	58	72	55	56	72	60	67	83	80	72	56
ASV1030	13	14	14	12	13	11	6	16	15	4	10	9	8	6	8	3	9	4
ASV1032	5	4	2	2	11	6	5	2	5	7	5	18	7	14	8	3	5	2
ASV1036	10	7	3	2	4	3	4	2	1	2	3	3	5	7	2	2	2	2
ASV1038	6	6	6	7	2	9	6	2	4	4	3	6	10	1	2	2	4	2
ASV104	24	14	31	21	30	34	27	23	19	20	25	24	30	24	37	45	30	33
ASV1042	9	8	8	7	3	4	3	6	5	4	6	4	7	9	6	6	2	9
ASV105	21	16	30	12	17	23	26	15	18	22	10	18	17	25	20	30	41	19
ASV1051	9	8	5	3	8	6	6	2	4	4	5	7	6	6	1	7	1	1
ASV1059	4	1	2	9	3	3	5	9	3	4	7	8	9	7	4	11	6	8
ASV106	5	2	5	3	3	4	2	5	5	6	3	4	6	9	3	13	20	14
ASV1066	12	1	5	6	4	6	6	2	6	5	3	8	6	6	4	10	15	7
ASV1069	9	14	7	16	12	8	6	10	10	4	6	7	3	7	4	2	2	4
ASV107	9	6	12	7	8	11	5	5	12	11	15	16	19	26	21	15	23	32
ASV1070	5	5	5	5	6	3	3	5	1	3	3	3	1	1	5	6	2	5
ASV1071	5	3	4	2	6	8	9	3	3	4	2	5	3	3	2	2	4	3
ASV1073	12	16	18	16	14	12	18	10	17	10	18	15	15	7	10	10	15	14
ASV108	17	15	9	17	27	16	14	17	20	15	25	26	23	41	37	65	67	40
ASV109	75	77	48	60	79	65	48	34	52	65	60	53	99	78	65	52	131	131
ASV1092	14	14	17	17	8	17	15	19	16	7	13	12	17	5	12	10	17	21
ASV1093	13	4	13	7	10	13	10	5	6	7	3	6	16	6	2	5	3	1
ASV11	338	413	174	305	225	193	235	176	232	199	214	192	181	334	491	1466	118	96
ASV110	58	42	73	60	49	54	44	64	42	48	62	57	51	92	79	67	136	144
ASV111	28	8	20	19	23	24	23	31	17	17	35	36	52	93	54	72	81	82
ASV1115	6	4	3	12	9	7	5	5	6	5	6	3	7	7	5	6	5	5
ASV112	25	22	23	25	25	20	29	21	27	23	30	15	30	26	20	22	29	25
ASV1120	10	4	5	5	4	5	4	3	2	4	2	2	3	4	5	1	1	3
ASV1123	6	4	8	6	8	5	6	3	5	3	6	4	2	4	2	8	4	3
ASV113	22	29	24	26	23	28	30	42	44	42	37	37	50	55	40	65	108	75
ASV1132	11	12	12	10	10	9	6	11	6	9	15	12	10	5	7	5	13	12
ASV1136	3	2	2	2	4	2	3	4	3	1	2	5	2	9	11	3	6	10
ASV114	57	41	33	56	50	40	28	33	53	34	59	74	87	132	88	117	62	75
ASV1140	7	2	2	2	2	1	4	2	3	2	2	2	4	3	1	1	1	4
ASV1141	1	2	3	6	1	1	4	3	4	6	7	9	7	4	8	12	6	7
ASV1149	25	6	9	11	11	2	4	4	6	4	9	7	3	5	4	2	1	2
ASV115	18	13	24	14	15	26	12	10	19	20	23	16	15	20	22	42	42	53
ASV1152	10	4	14	14	11	13	3	9	8	6	7	8	16	5	13	4	6	7
ASV116	26	91	38	41	56	55	65	56	58	40	43	36	26	37	32	34	41	22
ASV1161	14	11	10	15	11	10	9	16	10	5	11	12	13	3	7	7	5	9
ASV1162	8	7	21	3	11	6	8	5	8	11	7	8	6	3	1	2	3	1
ASV1165	3	1	1	1	2	2	3	3	3	3	5	2	5	7	3	9	4	3
ASV1166	10	6	3	4	4	3	2	3	3	1	3	3	3	1	2	3	5	2
ASV117	12	5	7	7	6	15	8	14	14	10	14	20	17	34	40	43	334	415
ASV1186	1	3	1	1	3	1	2	2	1	1	2	2	3	15	5	2	7	12
ASV119	18	15	18	10	18	10	8	10	13	14	9	11	8	9	7	22	38	31
ASV1193	5	7	8	7	2	3	7	4	5	5	6	6	9	4	1	2	1	1
ASV1196	3	2	3	4	3	8	7	3	3	5	3	5	7	3	5	7	3	7
ASV1198	4	11	5	9	4	6	6	4	4	8	8	8	4	5	6	2	2	2
ASV12	4	7	9	7	17	5	14	7	6	27	17	11	10	19	14	9	47	147
ASV120	25	24	22	12	11	20	6	9	7	23	4	18	11	9	7	7	12	9
ASV1202	5	5	2	2	3	2	5	3	1	8	3	1	5	4	3	3	1	1
ASV1208	4	1	5	3	4	4	7	1	5	2	5	5	1	6	3	15	1	2
ASV121	19	23	19	15	14	15	19	20	21	40	18	51	20	60	42	143	129	126
ASV1210	4	2	6	5	3	5	6	8	6	3	4	8	8	8	4	10	7	8
ASV1213	4	5	3	4	8	6	8	6	5	3	4	3	5	4	2	9	6	3
ASV1215	7	7	5	5	9	11	2	12	7	5	5	1	10	8	2	4	4	2
ASV1217	2	7	12	10	4	3	8	3	5	5	4	3	3	2	6	3	3	1
ASV1219	4	3	2	3	11	4	3	4	5	2	4	4	2	8	1	3	3	1
ASV122	18	18	18	9	21	24	12	18	30	21	39	42	42	54	44	49	43	53
ASV1221	9	6	6	3	4	13	7	3	7	7	4	4	6	5	4	4	2	2
ASV1228	6	4	8	2	5	4	2	2	4	2	3	2	5	3	1	2	4	1
ASV1229	3	3	1	2	7	4	2	3	9	8	8	4	2	9	17	5	2	2
ASV123	9	10	10	5	9	9	9	6	12	11	8	13	16	40	10	24	16	20
ASV1232	3	2	6	4	2	4	4	3	8	4	3	3	2	3	4	5	15	14
ASV1243	22	12	11	15	17	13	20	13	12	8	11	8	14	6	2	2	8	6
ASV1247	9	1	7	8	3	4	5	1	3	5	2	3	2	4	7	4	2	2
ASV125	44	38	54	41	32	48	42	22	42	40	30	30	34	29	27	27	8	11
ASV1251	7	7	6	4	3	2	3	1	2	6	3	2	2	2	1	1	1	5
ASV1254	7	8	8	2	1	8	8	3	5	8	2	5	10	4	6	5	3	3
ASV126	25	21	26	20	18	21	24	18	19	17	28	12	22	17	17	31	37	20
ASV1269	3	6	4	6	5	1	2	5	4	3	1	4	3	2	3	2	1	1
ASV127	6	8	4	11	9	2	6	6	6	13	5	5	11	14	5	13	18	12
ASV1272	1	1	3	10	5	8	2	3	6	6	1	5	5	7	6	6	6	6
ASV1273	21	10	5	4	9	10	8	3	6	4	4	5	6	6	4	2	4	2
ASV1275	1	6	7	3	2	5	5	4	14	10	16	9	10	11	13	15	5	8
ASV1277	10	6	4	1	5	6	6	2	1	8	4	4	5	2	8	1	2	1
ASV128	6	4	3	6	3	13	6	3	4	7	5	2	3	3	3	11	4	4
ASV1286	9	5	7	7	9	7	6	8	4	7	6	7	3	4	3	5	6	2
ASV1292	10	5	9	5	3	2	4	4	5	4	5	10	3	4	2	2	1	1
ASV1293	5	3	3	4	1	1	1	3	3	4	2	4	4	2	2	3	9	17
ASV1295	7	5	11	5	6	4	13	5	2	11	6	6	4	3	1	3	2	2
ASV1298	6	9	5	1	8	3	4	3	2	4	1	2	1	1	1	1	1	1
ASV13	37	23	29	28	20	29	30	34	31	101	53	68	64	154	143	252	2254	2970
ASV131	9	14	16	15	17	17	13	16	12	18	20	14	21	13	11	16	8	9
ASV133	48	44	34	39	53	53	47	31	46	54	40	39	47	55	58	39	22	24
ASV1338	17	19	20	22	23	18	19	16	16	10	25	12	27	10	11	9	16	17
ASV134	27	15	23	21	11	19	13	8	14	23	13	16	10	14	22	5	53	96
ASV1346	3	1	2	2	22	5	4	2	8	3	5	7	10	14	3	7	7	1
ASV135	14	19	15	14	9	15	12	15	17	10	19	11	16	28	49	70	38	64
ASV1350	4	4	3	3	2	3	3	3	1	4	8	7	4	3	3	7	4	1
ASV1353	12	6	5	7	6	9	4	8	4	2	6	8	6	6	8	2	1	2
ASV1358	19	13	18	16	18	9	23	13	13	14	14	9	13	5	7	10	7	9
ASV136	24	37	33	41	41	51	51	33	32	39	36	56	42	52	39	54	38	26
ASV1363	3	1	1	3	9	6	4	1	1	1	3	2	7	3	1	7	4	4
ASV1364	3	3	2	5	2	5	4	6	1	4	3	3	5	2	3	3	2	2
ASV138	38	25	32	25	31	26	26	18	22	30	35	30	30	22	25	61	52	30
ASV1381	1	3	3	2	5	3	7	8	7	6	8	11	10	9	3	7	7	8
ASV139	70	20	37	33	26	38	20	18	21	38	28	16	15	24	13	8	7	10
ASV1395	10	6	10	4	7	2	9	2	5	5	7	7	2	7	8	2	7	3
ASV14	318	487	345	469	558	496	547	548	532	354	420	356	352	293	303	321	324	209
ASV140	75	45	48	37	40	40	41	30	42	54	26	30	35	38	28	39	10	7
ASV1408	1	1	8	1	6	9	7	2	5	6	9	6	9	7	8	7	2	7
ASV1417	8	2	6	5	4	5	2	5	2	2	5	1	2	7	4	3	3	2
ASV142	80	44	66	50	33	43	29	25	34	17	36	27	42	27	30	15	21	15
ASV1428	6	8	4	7	5	7	10	4	5	4	2	6	5	1	5	2	1	3
ASV143	52	33	57	38	33	47	44	42	38	50	39	55	42	49	68	70	22	25
ASV1430	10	1	2	5	1	7	2	2	11	5	10	2	4	4	5	1	1	1
ASV1432	6	4	3	3	6	5	5	4	7	9	7	6	7	6	4	2	2	6
ASV1435	2	4	4	4	6	1	6	1	5	5	1	2	3	1	2	5	1	8
ASV1437	4	5	2	3	3	6	5	2	3	6	2	2	2	4	4	1	1	2
ASV1446	3	3	2	2	3	2	4	1	2	5	3	4	4	1	3	1	2	2
ASV1449	17	4	10	11	4	7	3	9	3	6	6	4	11	4	5	6	4	4
ASV145	19	20	23	11	15	19	25	24	16	14	16	27	13	10	17	27	26	17
ASV1450	6	5	3	4	1	4	3	3	1	3	6	5	2	2	4	15	8	2
ASV146	2	3	5	8	4	4	6	6	5	10	4	7	6	3	10	5	22	58
ASV1466	11	12	11	16	8	14	13	14	13	9	15	13	11	5	5	3	7	9
ASV1468	11	8	13	5	5	4	9	4	7	8	5	5	4	5	3	5	2	1
ASV147	13	8	10	5	6	13	3	10	7	18	5	11	4	9	5	18	11	13
ASV1475	16	6	8	5	4	10	10	5	4	9	10	14	8	9	8	5	9	3
ASV148	16	15	19	19	17	20	11	9	13	12	10	11	10	11	13	18	20	33
ASV1483	1	4	2	4	8	8	7	4	5	10	4	4	9	3	4	2	7	3
ASV149	74	55	84	48	62	61	46	24	50	39	61	29	44	50	27	12	14	11
ASV1492	21	14	12	19	13	5	16	10	11	14	6	8	7	9	3	5	5	1
ASV1493	10	11	8	7	7	3	13	5	10	7	14	12	10	16	9	11	5	4
ASV1499	6	9	4	6	5	4	8	5	5	4	6	6	5	2	1	4	3	2
ASV15	39	26	58	39	47	41	42	36	29	23	40	41	51	59	65	101	123	122
ASV150	48	19	13	10	14	22	29	77	77	67	150	110	107	148	102	96	101	81
ASV1505	2	7	2	1	5	3	3	2	3	5	4	4	4	2	3	4	2	2
ASV151	97	83	112	112	89	112	112	132	118	127	128	120	96	73	78	81	160	133
ASV1511	1	3	3	8	3	5	2	5	1	2	3	2	5	4	4	6	2	2
ASV1513	5	2	6	1	3	4	2	2	1	4	5	1	4	2	1	4	1	1
ASV1514	3	8	3	7	4	4	8	4	2	12	7	3	3	9	3	2	3	2
ASV153	65	16	15	1	7	12	21	33	41	55	43	32	46	72	66	99	66	30
ASV1535	2	4	1	2	8	2	4	5	3	6	6	6	2	10	3	21	6	2
ASV154	26	23	20	21	27	18	24	22	15	31	12	6	25	20	6	13	8	5
ASV1546	19	7	10	9	8	10	12	8	6	7	14	6	8	11	6	4	4	2
ASV155	9	8	21	12	12	14	6	9	12	19	17	11	18	15	29	30	15	11
ASV1551	3	2	4	4	4	2	1	1	1	2	3	1	1	1	1	2	2	2
ASV1561	2	2	2	4	1	2	6	6	5	1	4	7	9	14	4	12	4	3
ASV157	31	22	99	22	24	22	25	24	28	31	34	21	23	36	45	19	20	18
ASV158	75	42	37	38	40	35	43	36	19	37	31	28	29	30	25	15	11	17
ASV1581	8	7	4	3	7	10	4	5	3	4	4	9	5	1	2	5	4	9
ASV1588	2	6	1	5	7	4	1	5	7	2	4	8	2	2	5	2	2	1
ASV159	43	28	41	35	38	35	14	14	21	22	21	15	12	21	8	3	1	4
ASV1594	8	6	7	3	6	6	5	8	4	3	6	10	2	12	3	6	7	6
ASV1595	2	2	5	6	3	1	3	4	8	5	7	3	9	9	6	4	1	1
ASV16	59	75	61	67	70	65	59	61	57	53	65	55	82	108	117	153	129	649
ASV160	13	14	14	16	11	15	15	9	7	7	18	17	11	2	6	11	7	4
ASV1607	3	6	9	8	7	5	4	6	5	7	5	5	1	6	5	4	7	5
ASV1615	4	9	7	7	5	5	2	2	4	3	4	1	3	1	1	3	1	1
ASV1626	2	2	4	4	1	4	3	3	2	9	5	1	3	4	9	3	2	8
ASV163	2	2	7	4	4	3	1	1	3	2	3	5	2	1	1	4	6	4
ASV164	58	40	60	50	44	45	42	28	25	41	29	30	24	29	24	9	23	4
ASV1643	6	5	1	1	4	5	3	3	2	2	2	6	1	1	2	2	1	3
ASV1647	11	9	13	4	11	8	11	6	7	10	11	10	7	2	9	7	4	7
ASV165	11	10	9	9	15	7	9	9	14	9	17	14	12	12	22	21	33	22
ASV167	7	13	17	12	7	4	16	12	20	13	16	7	14	22	17	20	13	72
ASV169	16	14	17	11	19	18	16	21	28	38	22	21	31	15	31	40	26	21
ASV1691	5	3	5	10	3	7	5	7	5	4	11	6	5	7	3	6	7	5
ASV1698	6	8	4	3	3	4	2	5	8	3	3	3	3	2	4	5	2	1
ASV170	5	6	5	8	7	10	6	4	13	10	4	21	13	31	27	37	310	453
ASV1704	3	8	7	6	3	5	4	9	3	4	8	3	4	4	6	3	11	10
ASV171	28	22	11	15	24	8	16	43	24	28	24	30	36	53	64	60	39	27
ASV1712	25	27	15	23	23	20	28	37	32	20	25	27	19	20	23	20	22	31
ASV172	36	32	6	10	16	23	22	80	71	61	147	105	95	110	102	91	66	50
ASV173	63	35	41	40	46	53	50	63	44	48	48	51	73	42	32	57	43	41
ASV1730	22	21	23	29	21	18	18	17	24	7	16	13	14	16	16	9	12	10
ASV1733	4	9	5	2	3	1	3	4	4	4	3	4	11	5	6	3	3	3
ASV1738	5	4	3	4	3	9	8	2	2	5	1	5	5	1	3	1	1	1
ASV174	4	5	7	10	2	4	3	4	6	6	4	2	3	4	9	12	13	8
ASV1740	8	10	12	5	3	9	3	2	2	9	5	12	3	4	4	2	1	1
ASV175	45	12	10	7	8	12	24	34	31	46	75	64	67	95	80	60	88	39
ASV176	33	21	24	20	23	25	30	22	24	24	22	26	29	19	33	33	18	14
ASV1763	9	8	10	9	5	3	6	7	7	12	8	11	10	3	7	2	2	1
ASV1772	2	2	4	4	4	2	6	3	1	3	3	3	5	6	2	1	5	2
ASV1774	11	16	17	15	11	10	13	9	10	9	18	10	15	7	7	16	12	11
ASV178	33	21	18	24	34	26	25	19	19	19	19	18	25	14	20	21	12	4
ASV1780	1	3	4	1	3	3	1	2	1	3	2	1	5	3	9	2	1	1
ASV1781	8	9	17	15	6	11	13	14	3	6	7	8	9	2	3	2	3	2
ASV179	76	62	84	110	79	70	103	84	68	84	79	68	87	48	38	36	51	36
ASV1791	9	4	7	5	4	8	13	11	7	7	2	9	13	1	5	8	6	2
ASV1793	5	3	14	7	10	9	5	6	7	9	6	3	8	5	4	2	4	4
ASV18	343	415	288	396	504	458	477	440	443	346	330	302	318	292	287	282	241	158
ASV180	2	6	3	2	2	5	5	2	5	7	13	5	11	11	16	3	103	97
ASV1804	2	3	4	5	3	1	2	1	2	4	1	4	1	3	6	9	2	2
ASV181	11	12	21	17	3	15	14	11	9	12	14	9	8	5	6	2	6	25
ASV1812	5	3	6	3	10	5	6	5	7	3	6	4	3	2	2	8	6	5
ASV182	3	8	13	6	5	3	7	5	9	11	3	6	9	13	12	23	21	16
ASV183	46	22	29	21	25	28	8	25	22	18	29	22	19	19	21	20	19	17
ASV1830	5	5	5	6	4	4	7	4	2	4	7	7	7	3	15	5	11	23
ASV1838	3	7	5	2	3	1	2	2	1	3	1	2	1	1	1	1	1	2
ASV184	25	29	12	25	21	21	26	16	23	44	44	40	29	38	40	62	83	54
ASV1840	2	4	2	2	4	6	3	3	8	4	2	6	5	8	5	2	5	1
ASV1842	3	4	9	4	2	4	8	3	5	5	4	7	5	6	4	5	6	13
ASV185	18	9	12	14	5	13	18	17	16	36	16	22	17	17	26	28	18	11
ASV1852	6	4	3	2	6	8	3	3	6	11	7	5	9	8	9	1	5	3
ASV187	13	10	10	13	28	24	31	35	26	41	34	46	60	82	72	66	64	15
ASV188	34	17	16	19	18	14	28	17	10	27	17	9	14	20	12	19	17	2
ASV19	16	14	6	12	10	10	13	20	11	11	14	13	18	14	16	15	5	7
ASV190	26	18	14	17	17	14	20	13	8	17	10	15	16	29	21	30	21	22
ASV1907	2	7	4	2	5	4	2	1	3	8	8	2	1	2	3	1	2	1
ASV191	5	5	4	8	2	2	3	4	2	4	8	9	5	10	19	13	9	13
ASV192	26	16	19	19	6	7	15	4	8	11	7	16	7	6	8	10	6	4
ASV193	38	22	21	14	21	23	27	18	18	28	15	20	13	16	14	26	29	16
ASV194	22	9	19	13	18	13	18	22	25	38	45	37	26	40	21	83	83	110
ASV1946	33	33	35	39	24	31	34	50	32	40	38	37	45	26	28	30	48	45
ASV195	14	2	8	10	21	11	15	10	15	19	23	15	16	33	30	17	18	31
ASV196	19	19	15	16	40	37	38	20	29	43	39	64	31	39	52	59	46	27
ASV197	33	21	25	13	20	21	38	39	32	47	51	37	52	75	38	71	60	46
ASV1972	3	2	8	6	3	5	7	3	5	4	3	5	9	3	5	3	4	3
ASV1985	7	14	6	6	3	6	5	7	5	14	5	6	5	6	2	2	5	2
ASV1986	9	7	6	8	8	9	7	2	3	5	2	5	4	12	3	8	4	4
ASV199	4	2	2	2	3	5	5	1	2	4	4	2	6	2	3	7	7	8
ASV2	1753	1668	1641	1955	1976	1858	2051	2108	2327	2481	2214	1994	2124	1820	1676	2459	3119	2764
ASV20	170	174	180	224	232	212	227	316	354	311	293	328	272	211	274	413	308	232
ASV2008	10	32	13	25	13	13	19	16	18	10	11	18	20	13	20	13	9	6
ASV201	27	31	32	40	31	50	56	55	52	57	49	51	45	40	33	16	20	27
ASV2010	1	5	2	5	5	8	4	5	2	4	2	9	2	4	7	2	1	6
ASV2017	15	8	6	5	4	7	5	1	5	2	4	3	4	2	3	2	2	3
ASV202	39	19	47	26	47	31	24	32	21	38	35	25	32	20	43	24	19	9
ASV2026	2	1	3	2	1	1	4	2	4	2	4	1	4	8	6	5	5	6
ASV203	7	8	9	1	7	12	6	5	5	11	6	6	4	8	8	10	8	8
ASV205	57	43	53	31	50	57	67	24	54	24	28	26	49	26	53	27	11	17
ASV206	20	9	12	8	11	7	6	7	14	8	12	11	13	13	17	21	13	14
ASV2066	5	4	5	2	4	11	8	3	1	5	3	5	4	4	6	3	1	1
ASV207	18	18	17	17	18	10	8	9	3	10	4	9	8	8	9	11	4	2
ASV209	16	14	12	60	12	18	17	11	14	18	29	19	31	30	33	26	16	9
ASV2093	1	3	2	3	4	3	1	4	2	1	2	2	1	3	5	1	5	1
ASV21	34	31	23	20	23	31	21	17	34	34	34	21	33	32	39	45	33	29
ASV211	19	11	21	15	11	33	19	23	21	15	26	17	16	19	17	19	20	10
ASV2114	4	1	10	9	3	4	2	2	2	2	3	5	2	2	3	2	1	3
ASV2124	16	11	11	6	8	15	21	23	12	11	17	24	14	22	15	6	19	14
ASV214	39	17	27	18	15	18	16	15	11	15	13	7	12	8	29	11	13	4
ASV2155	3	4	2	4	2	3	2	4	5	1	10	13	4	4	2	6	5	6
ASV216	1	1	1	1	2	5	1	3	7	5	3	10	9	10	5	19	9	19
ASV217	26	20	19	19	11	15	13	12	23	17	23	23	20	18	21	48	35	38
ASV2185	3	11	5	8	5	11	3	7	5	8	2	7	6	3	2	4	1	2
ASV2187	32	31	34	53	41	43	77	52	51	30	47	56	61	46	52	19	44	41
ASV219	43	29	35	39	24	29	27	19	19	30	19	25	22	25	18	21	4	8
ASV22	1	2	2	3	2	1	1	4	2	1	1	1	5	6	4	10	15	52
ASV220	9	8	8	6	3	4	7	7	6	7	13	9	11	22	17	22	163	212
ASV2208	10	12	14	16	17	19	14	17	15	10	16	16	23	3	8	11	17	29
ASV221	12	5	10	3	1	9	2	1	6	2	9	4	10	6	3	11	3	8
ASV2213	5	9	8	6	4	4	3	2	5	5	4	4	3	3	4	1	2	3
ASV2218	3	1	5	6	4	7	2	2	7	5	8	6	5	7	2	5	3	2
ASV2220	1	1	1	2	16	4	5	2	3	1	10	2	1	5	4	3	7	2
ASV2223	44	30	56	55	30	42	56	56	43	32	52	36	56	33	28	23	54	66
ASV223	51	41	45	44	32	47	54	27	34	45	42	39	46	47	38	17	19	17
ASV224	32	36	25	33	29	53	45	49	47	54	38	34	50	28	32	25	13	14
ASV2242	1	2	3	4	1	2	3	5	3	7	1	1	7	3	2	4	2	6
ASV225	23	25	15	20	12	21	18	11	17	14	15	12	11	10	7	6	2	4
ASV226	25	16	37	17	16	16	23	25	23	30	36	33	26	49	36	77	31	43
ASV227	21	16	21	25	20	26	26	23	21	42	35	25	27	46	29	43	22	32
ASV228	39	38	41	47	33	45	26	40	31	42	35	24	40	32	24	31	11	15
ASV229	20	9	16	11	22	17	22	23	13	20	26	37	24	40	23	53	74	52
ASV2290	7	11	6	3	5	8	4	3	3	4	5	5	3	3	3	6	3	2
ASV2291	7	10	13	14	46	17	17	15	15	13	16	18	17	16	11	7	5	3
ASV23	192	173	170	215	195	252	333	200	223	450	436	391	397	545	389	347	214	122
ASV231	32	21	39	35	30	21	24	23	13	17	22	19	18	11	7	16	12	10
ASV232	15	10	11	7	10	14	13	10	9	20	14	11	9	27	8	22	135	204
ASV233	41	21	28	21	19	22	16	19	21	18	19	18	20	9	15	8	7	3
ASV2338	1	2	2	2	2	2	3	2	1	5	3	1	4	1	3	2	2	2
ASV234	9	9	9	9	32	19	12	9	26	13	18	18	11	23	24	14	6	6
ASV235	64	42	58	60	38	48	32	22	20	24	43	75	32	37	20	5	9	19
ASV236	17	19	22	22	23	40	30	43	25	29	27	22	31	15	25	40	32	19
ASV2361	2	2	2	1	6	3	2	6	8	4	3	7	9	11	8	4	3	3
ASV237	13	7	6	7	13	10	5	17	13	14	9	18	14	26	15	27	15	26
ASV2370	7	7	19	4	7	7	11	7	6	4	9	9	8	3	5	2	9	7
ASV2383	3	6	4	5	3	4	4	5	3	2	1	1	3	2	2	2	2	1
ASV239	50	45	53	51	36	50	54	47	23	41	53	41	38	20	28	42	62	55
ASV24	16	7	5	10	8	12	10	16	13	30	25	18	27	49	34	41	595	653
ASV240	34	27	21	26	29	36	24	26	41	34	28	22	30	50	42	16	18	12
ASV2400	2	2	2	2	2	3	2	6	5	5	3	2	5	6	1	2	1	2
ASV241	13	8	6	14	8	9	5	4	4	7	5	7	11	7	4	8	3	1
ASV2411	3	2	7	8	13	6	11	8	2	4	7	8	5	8	5	2	8	5
ASV242	39	29	33	27	38	40	23	14	25	18	18	36	21	24	14	16	8	8
ASV243	14	8	17	11	10	8	2	4	9	6	3	9	5	8	3	6	3	3
ASV2433	4	3	1	4	3	2	3	1	3	1	5	5	3	1	6	3	1	1
ASV244	12	17	8	10	6	9	14	10	18	17	15	12	21	28	28	41	82	59
ASV245	43	20	29	27	32	19	14	19	10	15	16	13	16	22	26	21	12	7
ASV247	29	19	22	11	23	14	33	15	18	21	20	24	25	19	33	60	33	33
ASV248	48	49	33	40	36	34	38	40	37	63	33	39	30	36	32	30	22	22
ASV2486	13	10	14	13	17	10	11	22	19	11	15	15	12	8	8	9	16	25
ASV25	77	50	59	56	66	91	97	128	111	105	103	92	126	159	177	316	361	494
ASV250	27	26	17	22	16	22	26	25	15	19	25	15	17	10	21	20	19	16
ASV251	10	16	11	14	13	13	24	15	14	25	8	17	16	21	19	24	11	6
ASV2511	10	5	8	6	10	9	6	8	7	6	6	2	5	2	3	2	2	1
ASV252	32	24	18	20	30	17	23	14	21	18	27	26	31	47	31	64	27	39
ASV2530	2	3	3	2	6	9	1	6	7	4	2	3	2	7	3	3	4	9
ASV254	70	30	18	25	40	22	17	25	25	20	30	21	27	32	29	74	12	14
ASV2552	18	13	13	11	6	12	11	35	25	13	22	30	27	22	31	13	30	24
ASV257	17	14	13	12	13	16	10	12	14	17	29	21	14	20	26	27	17	10
ASV2570	7	2	6	2	2	1	1	3	2	2	5	2	1	1	3	8	3	3
ASV2572	8	9	11	10	8	7	7	12	10	7	9	11	14	8	3	1	10	13
ASV258	8	9	18	11	17	14	15	16	5	10	19	15	17	33	21	39	16	22
ASV2583	19	32	12	24	28	23	34	39	36	34	24	40	24	30	45	19	45	47
ASV259	3	8	17	6	6	8	8	7	5	5	7	9	9	9	4	15	7	20
ASV2599	12	6	8	7	4	5	10	10	5	12	10	13	9	1	1	2	8	4
ASV260	46	33	40	29	20	32	29	13	18	32	19	18	12	13	7	11	5	2
ASV261	48	53	50	36	35	35	29	18	24	47	16	27	24	25	18	9	4	7
ASV2610	7	5	8	9	6	4	10	9	13	15	12	16	10	13	8	4	3	12
ASV262	17	10	10	18	18	30	28	19	23	30	38	23	21	42	33	37	6	13
ASV2623	15	9	28	26	13	13	26	22	22	13	18	21	19	11	19	14	28	29
ASV263	22	8	2	8	7	6	13	7	9	18	9	24	20	34	43	26	27	91
ASV264	30	16	31	21	21	27	23	12	9	26	11	21	9	10	17	13	3	3
ASV265	27	24	20	14	15	15	30	17	16	22	17	17	20	12	21	30	16	18
ASV266	32	67	42	56	50	46	38	53	58	52	47	58	38	38	40	17	28	17
ASV267	16	29	16	7	12	16	26	23	12	30	29	34	27	37	29	50	34	32
ASV268	22	15	17	12	28	23	18	20	12	5	16	8	8	23	19	19	7	23
ASV269	9	5	4	13	6	9	8	5	8	7	6	11	2	6	2	4	2	1
ASV27	174	172	158	223	229	228	237	300	285	290	281	286	283	245	246	355	244	205
ASV270	31	20	30	30	22	30	50	30	26	44	36	21	28	27	29	23	12	11
ASV271	36	19	23	18	19	21	20	13	13	20	19	8	11	7	5	4	2	2
ASV272	25	14	14	36	31	58	28	21	19	44	29	21	40	26	10	12	29	5
ASV273	8	11	4	3	3	7	8	5	10	12	17	12	24	31	28	65	26	37
ASV2736	8	3	8	3	9	10	10	2	3	4	2	10	8	2	5	4	2	4
ASV274	11	16	11	9	14	13	17	13	10	8	15	12	15	5	11	13	15	11
ASV2744	7	7	6	9	6	9	7	4	4	7	7	8	7	7	4	3	3	4
ASV275	19	8	21	9	17	6	14	13	16	13	22	19	9	18	18	30	17	13
ASV276	13	5	10	14	13	20	16	9	27	30	14	42	36	28	30	30	47	47
ASV2762	13	11	13	7	5	10	7	8	8	10	8	4	15	4	5	6	5	7
ASV277	32	21	18	22	14	16	17	18	21	18	10	14	12	13	12	9	5	5
ASV2771	55	111	77	106	100	111	117	141	118	89	100	118	87	78	134	45	55	44
ASV2774	6	2	9	3	4	4	7	1	1	2	2	5	9	5	6	4	31	17
ASV28	118	210	146	192	269	224	246	235	211	153	166	154	139	156	119	146	133	75
ASV280	30	25	28	40	51	45	74	54	68	36	65	57	40	24	33	32	44	46
ASV2809	19	13	23	16	10	14	18	12	7	12	15	10	9	6	8	10	18	24
ASV2817	6	1	3	7	5	7	1	5	3	2	4	4	4	1	2	5	1	3
ASV282	7	7	8	4	4	5	11	1	1	6	2	7	4	2	3	5	7	4
ASV2822	2	3	1	3	5	1	2	8	4	1	4	1	2	4	3	2	2	2
ASV283	10	21	12	13	8	14	4	3	8	16	11	8	13	9	4	4	3	1
ASV2850	15	12	10	14	9	8	13	13	4	9	16	11	15	7	10	10	15	14
ASV286	12	9	12	10	14	8	6	17	11	8	12	6	8	8	9	31	33	13
ASV288	19	33	23	22	29	24	43	16	17	30	18	17	22	17	14	5	13	11
ASV289	28	27	29	29	25	19	27	12	21	21	20	22	30	13	26	21	25	25
ASV29	219	253	193	256	330	279	359	293	277	258	206	187	213	227	187	193	178	124
ASV291	30	20	22	18	13	17	25	10	15	14	12	9	11	10	11	18	7	11
ASV2915	7	15	10	9	9	17	15	39	31	21	36	34	22	31	32	21	19	12
ASV293	22	21	19	19	13	26	29	14	15	28	31	19	30	36	34	46	22	21
ASV2940	1	10	5	3	3	5	1	4	4	4	5	7	2	6	3	4	3	1
ASV295	27	23	31	11	8	21	16	13	10	19	12	7	7	13	9	10	2	3
ASV297	33	25	33	25	15	12	17	16	12	19	12	8	12	7	19	23	5	6
ASV2974	9	12	12	9	6	11	20	11	10	15	21	10	10	11	9	9	7	7
ASV298	34	13	22	14	16	16	23	8	24	31	18	19	12	14	19	13	6	10
ASV3	1380	1749	1213	1977	2436	2085	2827	3051	3187	2052	2229	2497	2319	1951	2380	2308	1894	1354
ASV30	154	179	133	240	322	218	248	325	304	208	212	220	182	206	219	161	173	99
ASV302	21	26	17	17	14	23	19	14	21	31	24	15	9	23	12	10	6	22
ASV305	19	16	19	21	18	18	23	16	11	15	23	21	21	8	17	9	25	17
ASV306	11	11	7	13	12	12	16	23	12	19	21	22	29	13	16	13	18	26
ASV307	12	10	13	13	12	22	17	15	20	13	11	23	19	33	29	47	15	30
ASV3072	4	5	4	2	3	6	5	6	5	4	5	9	5	6	9	4	16	11
ASV308	17	10	24	17	18	15	17	18	20	19	14	17	14	29	21	15	10	7
ASV3089	9	10	18	14	9	7	11	17	11	8	10	6	9	6	9	12	5	3
ASV309	27	17	23	27	21	28	24	38	29	19	39	23	17	14	22	20	42	28
ASV31	26	26	23	27	30	33	26	38	42	49	50	51	45	97	95	149	461	302
ASV310	44	36	38	39	33	40	44	21	21	37	26	30	35	30	21	17	12	15
ASV3107	8	10	11	6	8	7	8	8	8	12	8	5	4	6	2	10	16	7
ASV311	20	12	34	16	15	13	13	11	21	23	19	16	29	23	17	28	13	10
ASV314	32	30	37	41	44	44	47	49	53	55	44	52	56	47	42	36	41	45
ASV316	19	17	15	37	34	32	44	37	35	20	14	27	24	21	18	21	32	25
ASV317	13	20	16	10	13	17	23	17	15	28	42	67	19	31	31	18	12	18
ASV3189	7	2	2	3	2	3	4	1	3	5	3	3	2	2	4	3	2	2
ASV319	6	21	13	8	15	25	5	17	10	17	17	11	16	14	18	18	4	5
ASV32	119	85	92	107	110	105	122	135	118	178	161	149	192	174	166	278	313	221
ASV320	7	7	8	4	5	4	3	5	5	5	4	7	4	1	7	20	12	9
ASV3207	30	30	43	38	25	38	48	50	39	34	53	43	46	16	29	18	64	50
ASV322	19	31	36	31	35	37	39	44	41	44	54	48	53	49	42	21	37	29
ASV3236	8	1	6	7	5	8	3	5	5	5	2	9	4	7	3	6	31	15
ASV3238	11	9	8	14	11	10	9	5	9	11	9	12	4	2	10	8	7	10
ASV324	16	14	13	16	12	21	24	13	9	9	11	12	12	19	15	14	5	6
ASV325	20	8	16	18	31	24	13	26	15	23	30	18	24	39	22	36	16	18
ASV326	14	6	7	10	10	10	3	3	7	10	5	3	8	2	3	1	4	5
ASV327	19	3	13	23	8	8	7	11	14	4	20	16	47	41	29	27	16	32
ASV328	48	23	27	16	27	21	18	22	23	32	22	30	23	8	14	11	7	2
ASV33	20	22	14	19	24	15	23	19	17	17	21	22	24	28	49	40	83	68
ASV330	14	11	17	19	18	32	34	52	42	27	45	40	40	28	32	33	60	70
ASV332	11	16	17	21	7	21	20	9	6	16	18	12	13	13	5	11	4	1
ASV3327	4	9	6	4	1	3	1	6	6	6	7	7	11	6	16	12	111	146
ASV334	63	24	54	30	39	29	21	21	19	16	19	23	26	30	10	11	15	6
ASV3347	5	16	8	10	11	16	6	12	11	12	3	7	2	12	4	1	2	2
ASV335	20	17	15	18	12	14	20	20	14	17	16	8	17	4	10	12	10	11
ASV336	43	44	36	60	52	60	77	87	73	38	53	51	38	36	34	21	58	57
ASV338	15	10	21	8	13	19	6	33	24	14	20	11	24	15	13	24	9	4
ASV34	73	212	73	57	54	66	74	82	72	119	111	114	115	192	143	362	558	551
ASV340	16	15	18	21	17	14	23	18	14	20	13	22	19	11	9	18	16	15
ASV3406	16	12	8	11	10	8	10	10	11	9	16	11	6	7	2	3	13	8
ASV344	9	4	14	6	27	5	15	19	20	12	24	17	23	31	23	52	28	28
ASV345	12	7	18	13	10	18	16	15	10	11	16	13	16	9	10	31	13	6
ASV346	10	15	12	20	21	21	23	15	19	21	14	20	22	18	16	17	21	12
ASV3485	22	26	17	40	32	31	29	57	40	23	28	23	30	19	23	13	41	38
ASV349	17	17	20	16	10	18	18	8	4	16	9	11	19	9	2	9	1	2
ASV35	313	242	284	313	269	314	324	260	236	405	272	211	253	192	170	118	61	62
ASV352	17	11	11	10	6	11	4	3	4	11	3	4	9	6	5	2	2	1
ASV353	19	17	22	27	20	24	22	14	22	11	32	18	14	15	13	24	21	26
ASV356	16	24	28	32	33	28	28	22	38	25	35	28	27	22	20	32	48	38
ASV3570	4	1	3	1	1	3	1	2	1	3	2	2	4	3	1	3	2	9
ASV3576	6	6	5	7	12	11	9	7	7	7	12	13	15	6	5	8	4	10
ASV358	21	12	14	12	2	13	9	8	14	13	10	11	16	24	10	10	42	39
ASV359	32	16	22	14	20	23	35	31	21	32	21	25	19	34	35	12	16	11
ASV36	7	3	11	6	23	14	20	36	40	11	36	37	38	58	72	156	86	97
ASV360	12	14	19	9	14	9	7	5	11	6	8	3	9	3	6	9	2	2
ASV362	21	18	14	18	8	15	22	16	22	33	20	22	25	42	34	27	8	11
ASV363	13	12	5	12	10	13	8	21	26	18	28	47	38	45	48	52	31	38
ASV3631	2	5	8	3	6	6	3	4	10	6	7	6	2	3	3	5	3	4
ASV366	12	9	18	16	19	15	18	22	17	12	18	16	25	9	10	18	17	14
ASV368	3	7	12	3	8	9	5	9	4	6	6	9	11	2	12	8	8	11
ASV369	37	21	25	21	16	11	15	6	19	25	14	20	11	10	14	2	4	1
ASV37	84	87	63	74	109	107	89	133	193	198	211	233	262	376	314	414	211	210
ASV370	13	16	18	6	18	17	22	20	21	12	17	18	20	12	10	13	16	13
ASV373	5	5	6	5	2	5	2	6	4	11	7	4	7	7	8	7	1	4
ASV3732	17	34	19	21	19	18	21	31	20	22	14	14	11	15	15	16	10	8
ASV374	8	5	5	7	3	11	7	8	6	13	9	14	6	11	28	44	32	12
ASV375	14	21	41	22	13	12	7	17	21	22	22	18	14	19	19	10	17	13
ASV3752	15	5	8	8	1	4	6	2	3	5	4	4	1	1	1	1	2	1
ASV3754	4	1	4	5	12	17	18	16	14	7	16	7	11	11	4	7	6	6
ASV3760	13	11	10	14	8	16	15	12	12	5	12	17	19	9	14	14	9	15
ASV3768	8	2	3	7	2	6	4	2	5	7	3	1	4	2	2	4	1	1
ASV377	17	18	12	12	24	31	23	19	17	26	27	17	19	34	13	22	14	22
ASV379	5	4	5	4	8	9	7	4	5	5	7	2	2	8	6	4	7	12
ASV38	121	101	112	161	139	111	122	107	109	169	157	152	175	298	283	204	529	659
ASV380	16	17	21	23	16	13	26	14	16	30	26	21	17	35	32	21	10	7
ASV382	22	15	43	21	22	26	13	22	9	14	23	19	16	11	21	18	13	13
ASV3824	16	42	31	31	27	17	28	42	42	24	35	36	31	23	32	17	46	62
ASV384	18	18	29	20	11	17	21	13	14	28	12	17	17	14	18	14	7	6
ASV386	21	14	14	13	9	13	21	14	8	16	9	11	13	7	15	11	10	10
ASV3869	14	8	11	11	10	11	8	8	14	15	15	14	15	7	14	10	22	13
ASV387	8	7	10	12	5	10	18	8	10	18	10	6	12	10	6	5	10	12
ASV388	35	25	45	10	29	20	12	19	15	18	18	13	23	13	15	10	13	6
ASV389	9	12	7	7	9	11	8	13	6	15	12	8	6	2	10	18	14	7
ASV39	168	166	172	234	252	204	246	251	268	249	234	176	191	172	162	197	153	141
ASV390	12	15	16	12	6	8	4	7	5	4	2	1	8	7	7	8	4	3
ASV3900	14	8	6	10	2	3	6	3	5	4	8	2	6	6	5	4	6	5
ASV392	12	15	15	13	20	28	28	21	16	11	13	11	20	15	16	21	19	15
ASV393	9	8	8	5	7	3	6	7	4	7	6	4	7	7	1	13	8	8
ASV3938	7	17	13	29	19	9	14	20	11	25	16	21	18	13	18	8	15	9
ASV394	32	29	19	23	16	14	13	27	22	15	18	15	16	27	19	15	5	7
ASV397	21	8	13	9	8	15	8	8	8	3	7	11	10	11	9	9	5	5
ASV398	20	8	20	7	10	21	15	9	6	18	8	11	9	5	7	3	2	1
ASV3995	6	8	6	7	2	4	10	5	4	3	4	4	4	4	5	2	4	3
ASV4	870	588	298	293	447	466	672	1423	1557	1350	1880	2158	2017	2358	2404	2716	1867	1540
ASV40	187	131	150	150	133	136	166	162	189	199	191	188	179	156	168	165	220	165
ASV401	18	15	12	9	16	23	8	10	15	8	11	9	13	11	9	11	6	4
ASV402	4	8	2	2	5	3	3	4	3	3	5	5	1	1	7	6	13	5
ASV403	16	12	16	10	9	14	13	13	6	17	24	8	18	20	24	39	16	16
ASV404	18	5	8	6	10	11	26	28	25	26	23	38	25	48	28	28	28	42
ASV407	16	12	18	9	17	21	24	22	27	30	23	20	30	19	16	11	9	11
ASV4085	8	9	8	9	21	21	25	34	23	11	20	19	19	11	11	12	11	9
ASV41	106	92	103	146	125	181	175	103	140	278	231	252	276	344	234	248	208	148
ASV410	24	24	15	11	13	14	15	16	23	26	18	18	14	11	18	17	13	7
ASV411	20	17	12	17	13	21	15	18	13	38	16	14	17	27	11	27	33	10
ASV412	6	13	7	7	8	9	5	8	5	8	2	4	7	9	4	1	2	4
ASV413	17	4	8	6	7	11	10	7	6	13	8	6	22	11	10	11	13	15
ASV4133	7	6	7	8	5	9	3	13	3	7	8	9	4	3	5	2	9	7
ASV4134	5	9	6	8	4	10	8	5	8	8	6	5	6	4	2	2	3	3
ASV414	7	4	4	6	6	3	2	5	4	4	4	7	6	2	11	19	10	5
ASV415	10	2	8	5	5	4	7	6	4	3	2	6	2	6	9	5	1	2
ASV416	37	30	27	29	29	26	18	9	14	22	14	21	18	27	12	9	5	4
ASV418	6	5	7	4	1	7	2	1	5	7	11	4	3	5	1	6	2	1
ASV419	3	4	5	3	6	4	2	8	5	3	3	4	1	7	1	5	10	6
ASV42	109	68	88	70	70	106	86	106	101	86	73	79	71	85	66	258	315	333
ASV420	9	6	5	4	9	4	6	4	4	6	7	5	7	2	7	6	5	2
ASV421	12	11	10	8	7	15	13	22	14	12	13	16	15	17	15	11	6	14
ASV422	15	9	19	5	11	13	5	11	6	10	11	9	10	12	11	4	4	13
ASV4229	12	11	13	11	13	12	12	13	14	11	14	12	12	7	5	9	9	5
ASV423	10	6	9	7	4	2	4	2	3	4	1	3	8	5	5	3	2	1
ASV425	17	9	12	14	15	13	14	16	19	11	13	19	15	15	18	10	23	16
ASV4257	11	11	16	14	12	16	14	10	9	8	7	6	9	15	5	4	13	13
ASV426	3	3	5	1	3	5	4	4	3	5	3	1	2	4	3	3	5	3
ASV4265	9	7	5	7	7	2	4	2	9	7	4	4	9	6	2	1	7	7
ASV4272	5	4	6	1	3	4	4	8	4	3	5	5	9	5	3	7	6	2
ASV4277	6	6	11	5	2	10	13	29	23	10	16	21	28	25	25	11	19	8
ASV428	14	4	10	10	6	11	9	2	5	6	9	5	2	4	4	6	4	4
ASV429	11	6	5	13	70	31	10	16	20	13	14	9	9	15	37	10	8	5
ASV43	91	112	141	136	121	128	101	149	135	144	179	148	178	166	157	225	120	97
ASV430	24	12	17	14	19	17	15	11	9	15	14	10	7	10	12	9	10	4
ASV433	6	17	7	6	12	8	12	15	15	7	3	8	13	9	10	8	3	4
ASV434	16	12	6	16	11	18	16	12	10	19	12	17	16	18	20	13	11	6
ASV435	16	15	13	11	9	9	9	7	9	9	7	11	9	9	8	8	7	3
ASV436	14	50	20	30	14	16	20	23	30	16	9	15	15	13	13	11	3	1
ASV437	14	8	10	8	7	7	6	4	4	2	3	1	3	8	2	1	2	1
ASV438	11	9	5	7	6	9	9	6	10	14	8	15	12	4	16	36	18	11
ASV4396	3	5	6	5	3	5	4	6	7	3	3	5	5	2	2	6	5	6
ASV44	152	103	121	117	161	151	170	130	161	202	139	173	208	141	168	210	175	137
ASV440	17	13	24	11	20	10	13	12	12	5	10	7	12	9	6	11	1	1
ASV443	12	8	7	7	10	8	8	8	10	10	4	8	4	8	6	3	6	5
ASV444	7	8	3	5	11	7	1	3	9	8	2	9	3	5	11	9	3	3
ASV445	8	15	14	20	17	20	24	34	24	23	30	49	30	44	41	31	39	32
ASV4454	4	5	2	4	2	3	5	7	6	8	6	10	14	7	8	2	4	3
ASV447	13	10	16	13	13	10	13	7	13	5	6	10	13	5	6	8	9	3
ASV449	11	7	5	16	13	4	2	3	3	12	2	7	5	6	6	4	1	2
ASV45	13	18	17	19	17	17	23	25	14	15	16	10	21	36	28	48	43	54
ASV450	38	30	25	32	31	40	38	33	32	22	24	34	44	16	26	20	31	34
ASV4501	4	3	3	1	2	2	2	1	2	1	2	2	2	4	2	2	8	3
ASV4509	7	9	8	14	13	18	13	10	15	18	21	24	14	12	14	6	28	22
ASV451	7	1	3	4	10	9	2	7	5	10	5	6	14	17	19	20	16	19
ASV4518	9	10	12	16	5	5	8	4	9	1	2	3	3	4	4	6	3	6
ASV452	3	2	2	1	1	4	3	1	3	2	4	4	1	6	4	12	11	18
ASV455	11	15	10	9	8	9	3	8	9	6	3	5	9	4	15	5	4	1
ASV456	19	9	12	9	15	11	8	10	7	14	11	8	10	5	8	6	4	4
ASV458	16	3	13	7	11	6	3	5	6	11	5	4	6	8	2	2	2	2
ASV459	13	16	16	9	10	7	7	4	4	10	4	5	3	3	7	4	1	2
ASV46	123	92	98	117	110	106	126	68	110	141	128	107	111	102	114	136	135	140
ASV460	12	13	6	12	11	15	3	3	6	11	11	16	10	13	17	9	13	9
ASV461	15	9	8	12	8	12	13	8	11	9	9	10	6	9	13	17	13	6
ASV463	7	6	9	6	10	4	15	10	9	11	13	17	18	11	16	29	28	28
ASV464	4	6	5	4	12	5	9	5	4	9	8	9	7	5	6	4	8	3
ASV467	11	11	4	2	6	1	6	6	3	8	6	12	6	3	3	9	3	4
ASV468	14	11	9	9	10	10	5	3	4	7	9	4	1	6	5	3	1	3
ASV469	13	9	10	11	7	7	9	10	6	6	13	10	15	4	5	9	6	7
ASV470	14	10	4	10	9	13	6	8	6	17	6	15	8	5	13	13	18	19
ASV474	10	1	10	4	3	7	7	7	5	7	4	8	9	4	12	12	3	6
ASV475	7	5	6	3	6	4	6	8	6	8	5	6	4	8	2	12	15	16
ASV4759	20	16	26	12	12	16	18	19	11	13	22	23	17	17	17	24	28	16
ASV478	20	18	25	29	22	24	21	32	22	23	30	22	27	15	16	23	31	30
ASV4788	3	7	8	10	8	6	11	10	14	5	9	12	10	7	7	7	8	11
ASV48	92	68	27	41	43	72	96	151	220	220	258	246	249	321	289	273	172	147
ASV482	6	4	6	7	5	8	4	5	6	5	1	6	3	6	6	6	4	13
ASV483	1	2	3	6	1	3	3	2	4	3	3	5	3	7	31	21	14	6
ASV485	10	3	11	7	6	6	8	7	10	5	10	10	10	10	23	26	11	6
ASV486	4	10	2	4	2	1	1	2	3	4	1	3	2	7	11	9	30	34
ASV488	12	10	7	2	8	7	8	3	6	10	2	4	4	5	6	1	2	2
ASV489	13	8	7	15	12	9	12	7	6	9	6	8	9	12	17	10	9	7
ASV49	81	109	78	130	243	194	257	235	205	172	163	136	124	125	104	170	121	85
ASV490	12	15	16	16	12	23	19	10	24	21	13	15	18	19	17	11	14	9
ASV491	8	5	4	6	6	5	9	7	5	4	6	2	9	5	5	2	3	6
ASV4966	8	2	4	5	2	5	1	5	4	4	1	4	2	2	2	4	1	1
ASV4983	20	16	14	18	12	15	15	13	21	14	11	14	15	10	16	11	16	19
ASV5	188	131	147	205	218	249	253	283	377	393	407	468	436	585	446	695	510	409
ASV50	89	84	96	78	102	73	119	95	82	105	86	87	93	67	102	175	107	81
ASV500	14	7	10	13	20	13	14	5	10	12	10	21	25	21	16	8	9	8
ASV501	23	17	16	23	20	17	16	8	19	11	5	13	13	9	7	5	3	3
ASV5010	9	22	23	21	15	26	14	15	16	20	16	20	16	9	8	9	8	3
ASV502	17	15	14	9	10	19	18	8	13	21	32	12	14	31	8	10	12	5
ASV503	14	2	12	7	7	10	2	4	1	10	2	3	2	7	4	4	4	4
ASV507	4	5	2	2	2	4	2	3	3	3	6	2	5	10	10	6	8	10
ASV509	2	3	5	4	2	6	7	5	3	6	11	2	5	5	1	16	6	3
ASV51	35	37	29	33	31	39	37	44	24	35	39	24	20	19	19	14	19	14
ASV510	8	4	11	4	3	9	2	5	7	8	6	4	6	6	3	6	2	2
ASV511	7	7	10	7	19	13	4	15	16	19	14	17	10	20	14	18	17	5
ASV513	16	34	24	25	21	23	24	13	17	23	21	12	13	28	17	8	6	2
ASV514	7	9	4	8	4	13	10	14	14	9	14	22	11	28	17	26	26	18
ASV515	6	1	6	7	9	5	14	13	19	7	10	13	17	27	21	15	8	3
ASV516	19	16	16	19	19	20	12	14	13	27	28	28	21	20	26	26	26	32
ASV5201	16	25	24	30	30	26	28	27	20	22	32	36	18	26	32	19	20	18
ASV522	5	2	6	3	6	6	2	1	1	7	4	4	1	4	5	6	3	1
ASV5245	24	34	15	14	18	23	27	67	71	46	66	68	61	66	70	48	48	36
ASV525	15	11	21	6	12	9	10	9	5	20	11	15	7	21	5	8	19	9
ASV526	9	9	7	8	17	6	4	10	7	6	9	2	12	10	11	10	7	14
ASV528	11	6	12	10	14	13	18	4	9	12	10	5	10	8	2	4	2	4
ASV529	5	7	7	7	4	7	7	7	3	7	7	2	4	2	2	1	2	1
ASV53	105	47	52	45	50	63	69	66	62	82	68	74	71	122	120	90	69	51
ASV531	24	15	22	13	14	12	12	6	9	16	4	13	6	7	8	9	3	3
ASV532	7	10	11	9	4	9	12	3	3	13	9	6	6	4	8	6	7	7
ASV5333	4	12	10	11	6	12	11	10	15	10	10	10	9	11	9	6	7	18
ASV535	10	6	7	9	5	6	4	4	5	8	8	5	6	15	8	8	7	5
ASV5381	7	7	6	8	4	8	12	9	10	8	7	9	9	2	7	8	6	8
ASV539	18	23	19	18	28	37	33	38	33	25	20	19	19	12	17	24	19	12
ASV54	67	55	65	61	78	73	68	72	74	84	85	75	89	87	101	115	80	64
ASV540	22	3	22	8	5	11	6	7	8	17	12	12	11	10	5	2	1	4
ASV541	22	7	15	18	10	15	22	17	16	14	16	8	14	16	13	9	14	9
ASV544	12	12	10	3	10	11	9	6	9	10	18	15	22	10	12	19	12	9
ASV545	10	12	13	15	10	7	10	11	7	12	6	5	11	6	10	9	13	6
ASV547	8	5	6	4	6	2	2	2	1	3	1	2	4	3	1	3	4	8
ASV548	8	9	4	5	7	4	4	5	7	4	4	8	5	5	3	6	3	3
ASV5488	8	10	10	16	27	14	11	13	10	17	6	11	12	7	6	3	3	4
ASV549	18	8	18	11	15	19	9	21	12	27	14	9	17	14	12	7	3	2
ASV55	91	54	97	64	70	64	101	80	62	87	86	102	93	75	106	156	111	57
ASV550	2	10	4	8	4	5	2	5	6	3	6	3	3	5	6	11	9	6
ASV551	4	7	2	10	10	3	12	14	11	12	8	11	8	14	10	27	14	15
ASV5511	3	9	7	10	6	3	5	4	5	5	6	6	9	2	3	2	2	3
ASV5525	4	6	3	8	6	7	7	4	10	3	5	5	3	7	7	1	9	2
ASV553	5	8	10	8	5	6	7	7	6	13	12	9	9	18	19	29	14	6
ASV554	9	5	6	5	4	6	4	2	3	1	3	2	5	4	3	4	2	1
ASV556	28	11	11	13	9	7	6	5	10	10	8	2	10	12	6	8	2	1
ASV557	4	7	4	3	5	6	5	6	8	1	8	2	3	8	9	7	7	18
ASV559	9	3	7	15	12	11	7	11	11	10	16	14	11	6	14	14	17	4
ASV56	21	8	16	8	19	20	13	24	29	17	33	33	74	90	67	82	49	104
ASV560	7	4	10	8	5	7	2	3	3	8	1	2	1	4	5	6	1	4
ASV562	12	8	13	6	3	3	6	11	5	7	6	5	12	9	14	29	20	9
ASV563	17	19	27	20	22	20	28	22	15	19	29	28	25	15	20	31	35	31
ASV5638	8	4	5	3	6	5	5	3	6	2	3	3	5	3	4	2	2	1
ASV564	17	5	5	3	2	2	3	13	7	9	12	21	19	40	17	28	13	13
ASV566	8	5	4	4	7	8	6	6	4	5	5	5	1	1	4	6	5	1
ASV568	10	9	12	14	7	9	11	11	13	9	12	11	9	10	10	13	6	7
ASV5687	13	12	8	10	8	10	23	23	23	34	46	47	50	48	38	23	45	29
ASV57	72	49	56	67	79	87	89	82	77	174	174	161	175	288	201	330	175	104
ASV570	7	5	5	15	22	13	8	7	5	9	4	7	7	2	5	4	1	1
ASV571	3	3	2	4	5	7	1	3	7	4	8	4	11	12	8	7	9	7
ASV573	9	7	7	6	7	7	9	12	6	9	4	7	12	6	10	13	10	8
ASV5744	16	10	3	8	6	19	21	33	26	21	37	45	37	26	30	32	51	48
ASV576	18	15	18	19	22	15	11	10	17	15	21	16	15	8	12	5	6	5
ASV5772	7	6	9	10	3	3	4	3	4	5	5	6	2	3	3	5	10	7
ASV5782	19	45	26	55	31	33	40	46	38	44	40	49	41	50	51	22	84	85
ASV579	15	7	6	7	8	6	7	2	7	10	3	6	6	3	4	2	3	1
ASV5848	2	24	14	14	12	7	10	16	15	6	13	11	11	3	13	4	2	3
ASV585	17	8	13	6	9	9	8	4	9	7	7	5	5	9	9	5	1	2
ASV586	18	6	11	13	7	12	10	8	7	13	11	13	12	11	9	24	13	9
ASV587	7	8	5	8	7	5	4	8	7	4	7	10	7	12	9	6	7	1
ASV589	39	16	17	11	18	13	4	13	8	12	16	7	7	11	15	8	3	2
ASV59	63	53	59	69	37	56	71	72	73	95	82	101	92	189	176	242	295	276
ASV591	4	2	8	7	3	10	7	3	16	7	7	6	11	14	6	11	23	18
ASV592	11	6	16	14	10	9	9	5	5	4	7	2	10	5	3	4	10	10
ASV595	10	8	5	10	8	8	8	6	10	12	10	6	11	7	13	17	8	6
ASV596	8	7	5	6	4	5	10	5	7	8	8	9	4	5	5	7	1	1
ASV597	4	9	6	7	2	4	4	5	7	2	10	5	3	5	3	2	3	4
ASV6	285	213	362	292	318	311	180	142	164	245	177	134	171	122	116	140	51	27
ASV60	13	5	7	9	4	4	6	5	9	4	7	8	8	7	11	20	34	49
ASV600	9	20	14	18	12	12	19	7	7	19	11	6	12	9	11	2	9	7
ASV601	3	13	15	10	4	6	7	11	8	7	3	6	14	9	9	10	2	1
ASV603	8	5	8	6	7	2	4	7	6	4	8	1	4	1	4	6	1	1
ASV604	6	4	14	5	4	6	4	5	5	9	6	6	4	3	10	11	7	4
ASV606	1	5	5	11	10	18	30	21	19	14	20	18	13	5	10	3	13	6
ASV61	14	11	10	7	8	11	10	17	23	12	22	42	36	42	79	115	82	138
ASV610	9	3	3	3	9	10	9	7	4	1	1	9	5	11	11	6	7	9
ASV611	6	8	5	3	5	4	8	9	3	9	7	5	7	2	3	4	3	2
ASV618	11	12	10	5	6	9	13	9	16	10	11	13	10	9	6	9	5	6
ASV619	9	11	6	12	11	12	5	6	4	9	7	8	6	5	9	3	4	4
ASV62	8	3	10	8	4	3	3	5	5	5	6	3	7	8	7	15	22	36
ASV622	5	1	10	5	9	8	3	2	1	8	3	5	4	4	2	6	1	1
ASV623	21	19	14	8	18	11	17	14	14	25	9	8	15	9	8	12	2	1
ASV624	6	2	6	4	4	4	3	2	3	3	8	2	6	5	4	15	14	10
ASV625	2	1	2	3	4	6	4	1	2	2	1	3	3	4	5	13	7	10
ASV626	15	3	7	2	12	8	13	9	7	14	10	11	12	27	12	18	17	10
ASV627	16	14	7	7	3	10	10	11	7	6	7	3	9	4	4	2	5	4
ASV63	36	37	25	79	123	132	122	94	163	142	130	74	102	84	79	77	86	79
ASV631	7	13	3	13	3	10	12	4	7	10	14	14	12	21	9	11	15	18
ASV633	7	7	8	10	8	8	6	5	10	16	17	11	6	17	16	11	15	3
ASV634	1	25	15	16	20	10	12	18	19	7	9	11	9	10	17	2	2	1
ASV635	15	15	10	22	11	13	11	7	8	12	13	6	11	12	10	20	12	7
ASV637	5	6	2	1	1	7	2	2	10	8	6	8	5	10	17	25	26	18
ASV64	144	135	151	151	146	185	152	167	165	214	178	157	174	171	131	119	120	100
ASV640	6	4	7	4	1	2	4	4	5	7	4	2	3	2	5	8	10	4
ASV641	3	4	4	3	3	3	3	4	2	8	9	3	6	4	8	14	12	10
ASV643	11	8	16	8	15	10	20	13	9	7	17	10	14	13	7	10	13	9
ASV65	114	64	59	71	60	65	55	36	64	69	26	51	34	26	23	22	17	73
ASV653	15	16	4	11	11	7	11	4	3	12	1	6	9	5	1	5	1	1
ASV655	18	13	12	8	9	10	12	6	4	7	12	8	3	3	6	1	1	3
ASV657	10	10	9	7	7	10	7	2	5	11	4	11	12	7	6	5	5	4
ASV658	5	10	7	5	7	4	3	9	1	3	3	2	2	6	3	3	2	1
ASV660	11	15	13	11	8	5	7	11	5	9	4	6	5	5	11	4	3	3
ASV661	9	4	5	5	6	5	2	9	7	2	3	4	4	10	4	7	3	3
ASV664	5	2	5	6	9	8	8	8	3	8	12	4	4	2	2	11	5	7
ASV667	12	7	12	12	6	11	10	4	7	5	15	10	20	8	12	10	17	21
ASV669	15	9	8	7	10	6	6	7	4	14	8	7	14	5	9	7	2	5
ASV67	82	56	59	84	102	100	113	79	103	160	113	125	143	149	126	100	101	54
ASV670	9	9	8	12	10	9	5	18	4	18	2	7	4	7	9	3	3	4
ASV671	8	6	7	17	16	19	21	22	28	21	26	23	12	13	16	8	22	11
ASV672	20	5	4	8	11	9	7	3	6	7	2	2	4	2	5	5	1	2
ASV673	1	9	8	6	7	4	11	6	7	7	5	13	4	10	9	7	2	4
ASV675	10	6	19	5	6	5	2	3	8	10	8	3	12	4	5	2	2	2
ASV676	11	7	7	4	3	10	6	7	3	8	9	11	10	6	5	11	4	2
ASV677	9	10	5	9	6	10	8	10	16	8	24	19	17	30	30	29	10	8
ASV68	16	13	14	19	22	25	16	25	15	18	16	22	20	19	26	47	57	39
ASV680	9	4	6	9	4	2	6	4	4	5	3	4	8	6	9	6	4	5
ASV681	11	8	11	13	7	10	6	11	12	12	15	17	13	22	14	22	64	73
ASV682	3	16	3	8	6	7	4	5	8	10	8	7	7	3	5	6	2	5
ASV684	9	9	8	8	6	10	5	9	13	14	9	11	6	9	9	6	10	21
ASV686	9	3	5	9	5	4	5	2	8	3	12	3	17	7	11	14	11	10
ASV687	12	11	6	9	6	16	15	9	8	17	12	12	10	18	9	18	7	2
ASV689	7	6	6	10	7	15	8	10	8	2	4	9	8	6	10	15	13	4
ASV69	314	223	252	199	147	196	143	140	137	180	130	128	130	130	154	90	303	347
ASV692	5	3	6	2	2	3	4	3	3	4	3	5	3	3	1	10	2	3
ASV693	4	4	3	1	3	6	3	1	7	2	3	2	3	1	2	3	6	3
ASV699	17	7	17	16	9	11	2	9	7	9	14	6	8	11	7	2	1	5
ASV7	6	9	11	12	12	13	7	9	12	12	14	6	8	15	17	14	7	8
ASV70	4	200	100	100	104	82	101	100	134	86	71	92	87	142	163	134	9	28
ASV702	3	2	1	5	3	3	2	1	4	5	3	5	8	7	4	12	6	4
ASV705	5	4	1	2	3	3	4	1	2	3	3	2	2	3	2	2	1	2
ASV707	12	10	8	2	4	8	7	3	3	11	5	6	4	4	2	1	1	2
ASV708	29	9	20	10	16	21	15	10	9	15	10	14	9	10	6	4	1	2
ASV709	8	10	4	6	5	6	3	3	2	4	6	6	5	3	2	4	6	1
ASV71	52	31	36	46	41	27	61	48	42	107	89	63	97	143	125	112	149	121
ASV711	5	8	5	5	5	10	12	13	10	8	14	10	9	27	18	7	13	2
ASV716	13	6	3	3	3	4	7	5	7	7	7	6	10	4	7	8	10	8
ASV719	8	12	13	17	14	21	15	21	14	14	27	22	17	14	24	15	53	56
ASV72	74	43	58	72	763	67	47	66	63	70	49	54	60	87	64	45	36	22
ASV721	8	7	9	11	6	6	4	5	4	5	1	5	6	8	5	3	2	1
ASV724	4	2	1	7	1	3	4	2	4	6	3	3	3	6	5	7	6	8
ASV726	6	1	21	7	5	4	8	5	2	16	10	4	6	11	6	5	10	5
ASV727	30	33	45	47	30	38	57	61	41	33	35	24	32	28	35	15	60	48
ASV729	2	1	3	2	1	3	1	3	1	2	1	4	4	1	7	4	1	2
ASV73	17	9	9	15	6	17	12	8	4	10	13	11	17	26	26	35	24	28
ASV732	3	1	5	4	6	7	6	7	8	2	7	7	11	8	15	28	10	10
ASV733	3	4	7	8	6	6	8	7	6	7	16	12	10	16	18	10	24	17
ASV735	12	11	14	6	9	8	5	5	7	7	10	13	8	4	12	9	8	2
ASV74	63	53	54	52	55	54	39	70	61	81	72	83	97	72	112	145	148	104
ASV741	29	11	17	11	11	8	15	11	5	7	14	3	3	6	8	3	8	5
ASV742	11	14	10	16	7	12	6	7	6	14	5	7	4	12	8	6	2	7
ASV745	7	8	7	7	13	13	6	12	6	19	10	14	12	15	10	11	6	6
ASV748	13	7	12	6	7	5	6	1	6	1	7	3	3	6	7	4	3	3
ASV75	15	16	22	21	10	15	10	5	11	15	10	16	19	15	14	13	22	23
ASV750	16	9	11	9	5	17	14	7	10	17	15	10	12	14	9	13	5	9
ASV751	2	5	2	7	4	3	5	5	6	5	6	3	5	5	5	8	14	9
ASV752	8	19	7	11	7	9	13	5	8	2	7	6	5	10	3	2	2	5
ASV755	2	5	3	6	9	11	7	11	7	12	4	14	7	9	6	11	9	9
ASV756	16	12	9	9	13	8	7	6	10	11	12	5	7	10	4	3	3	5
ASV757	33	8	8	16	12	3	5	6	6	10	6	6	4	10	7	19	1	3
ASV758	4	10	7	1	4	2	7	7	6	6	7	11	11	4	3	12	9	7
ASV759	3	6	7	8	6	4	5	4	3	6	6	11	12	3	2	3	8	3
ASV76	17	10	21	7	18	5	11	3	6	4	3	7	5	6	4	9	1	2
ASV761	2	2	2	1	3	3	3	2	5	1	4	1	7	1	2	3	6	1
ASV763	5	9	4	5	5	5	10	5	3	14	6	12	5	16	8	17	5	11
ASV766	13	23	11	15	4	17	8	12	14	12	12	17	10	5	5	4	8	11
ASV767	19	14	15	12	8	11	13	6	7	20	14	2	10	11	5	7	15	8
ASV769	6	1	5	12	5	4	6	2	4	5	1	2	1	2	4	2	2	4
ASV77	24	14	10	12	15	18	13	8	13	24	7	26	13	27	39	29	60	25
ASV770	8	6	6	13	15	15	7	11	12	16	14	13	14	17	18	10	10	7
ASV771	7	3	4	2	1	3	3	3	2	5	4	2	5	3	7	6	8	20
ASV772	11	5	4	9	11	6	12	4	9	6	5	8	8	7	9	2	10	2
ASV775	23	7	29	13	25	19	10	7	10	9	12	9	13	12	5	1	5	4
ASV776	9	9	8	6	10	6	8	5	11	7	7	5	8	11	5	15	6	5
ASV779	11	3	5	2	6	4	2	4	4	2	3	1	6	6	4	6	1	3
ASV78	37	40	37	76	113	110	96	87	158	116	106	101	88	101	100	83	79	59
ASV781	10	14	10	12	12	10	13	4	7	12	5	6	4	4	7	4	6	4
ASV783	16	13	10	4	5	10	9	3	4	13	4	7	3	4	7	8	1	1
ASV786	1	3	2	4	19	3	8	4	2	9	5	7	17	17	10	12	9	2
ASV787	6	9	10	6	2	7	3	2	4	5	5	5	3	5	3	1	5	3
ASV79	36	40	43	67	83	83	73	73	104	117	125	114	125	113	124	196	199	144
ASV797	3	5	18	3	1	4	3	4	5	4	3	1	2	2	7	2	2	2
ASV798	5	10	13	7	3	7	8	7	8	5	7	4	4	3	1	8	1	1
ASV8	82	49	57	74	58	67	29	26	23	46	33	29	39	52	60	59	34	44
ASV80	44	38	34	37	74	44	59	70	62	57	72	91	83	123	131	247	129	149
ASV803	11	4	4	7	6	2	4	8	7	9	9	7	8	4	6	14	2	5
ASV805	8	8	9	6	5	10	7	6	15	12	5	16	4	4	2	9	5	3
ASV81	51	51	42	53	50	61	67	66	52	77	68	67	43	73	56	60	247	194
ASV810	5	1	3	4	3	2	3	6	7	5	7	10	6	15	9	15	9	14
ASV813	8	12	14	8	6	7	6	7	7	12	7	12	7	12	5	11	4	2
ASV814	13	8	6	7	6	6	1	2	2	6	1	3	6	4	2	6	3	4
ASV816	1	4	5	5	4	2	4	2	2	3	2	3	4	2	1	4	4	5
ASV818	7	8	5	9	8	5	4	4	8	9	6	7	11	14	2	8	3	2
ASV82	67	64	43	62	50	63	55	73	82	102	122	109	88	147	122	222	257	283
ASV821	6	5	2	8	5	10	10	2	8	9	7	5	11	7	8	5	10	7
ASV822	11	1	5	9	3	5	9	2	4	6	7	16	6	12	8	8	3	1
ASV823	9	7	13	7	8	15	23	13	11	12	6	11	15	12	7	15	16	3
ASV825	12	6	10	9	16	16	11	7	11	13	16	8	4	12	6	9	6	6
ASV828	15	15	14	13	7	11	13	12	8	8	6	11	6	7	5	4	5	3
ASV83	139	114	100	80	118	100	131	87	69	103	96	92	86	68	69	98	70	49
ASV832	7	7	14	10	6	8	17	9	12	11	10	4	16	13	10	8	3	3
ASV833	12	4	2	4	9	6	4	6	1	5	7	2	5	3	3	12	5	3
ASV838	20	13	21	16	14	11	21	22	15	10	19	17	22	6	14	24	23	13
ASV84	115	57	57	120	106	64	70	54	77	89	77	57	76	121	122	62	50	38
ASV841	11	3	6	7	6	4	12	8	12	8	7	12	7	9	6	7	5	6
ASV85	32	33	29	27	17	24	28	16	22	21	25	22	9	14	11	16	15	10
ASV850	5	2	1	2	1	4	1	4	4	2	3	3	5	5	4	6	9	6
ASV852	14	8	20	8	8	11	11	9	9	13	10	7	17	8	9	15	1	5
ASV854	5	3	4	4	8	3	3	2	4	4	4	8	8	5	8	10	9	4
ASV856	17	15	14	11	12	16	8	7	7	11	10	4	5	4	4	2	2	5
ASV857	6	8	4	1	1	5	2	1	5	5	2	5	3	7	4	12	28	9
ASV86	12	11	9	16	25	15	10	9	13	5	7	12	11	9	15	24	20	43
ASV860	5	6	7	19	21	25	22	27	27	19	26	17	18	14	19	15	18	12
ASV862	13	7	4	9	8	6	14	3	7	10	15	6	6	10	10	6	5	5
ASV863	5	2	4	1	1	6	1	1	6	1	2	3	3	3	2	3	5	4
ASV865	1	10	2	1	4	4	6	2	8	6	4	5	1	8	1	6	3	4
ASV87	43	14	28	34	82	58	35	75	54	81	60	69	88	105	111	250	122	134
ASV870	7	7	5	4	7	9	5	6	9	4	8	3	7	8	9	5	7	4
ASV871	3	2	1	3	4	1	2	1	5	2	4	3	5	3	3	14	4	2
ASV872	7	1	2	6	4	6	13	6	5	11	9	8	14	21	6	12	7	3
ASV876	8	3	7	5	6	6	2	1	1	4	3	3	4	3	2	1	1	1
ASV88	130	78	71	109	115	90	82	57	100	98	73	91	105	128	92	65	42	31
ASV881	7	12	7	11	8	6	6	5	3	12	6	3	7	2	2	4	1	1
ASV884	4	5	7	12	13	17	15	9	19	6	15	11	11	15	8	4	3	4
ASV886	9	10	23	8	21	9	12	9	10	9	15	13	13	6	4	7	6	7
ASV889	13	11	7	1	3	5	5	2	4	9	7	7	8	7	10	8	11	3
ASV891	6	3	3	9	5	6	1	3	5	1	5	5	3	1	5	12	10	3
ASV892	5	3	6	9	8	6	4	6	6	5	6	4	6	9	6	6	5	1
ASV893	3	5	5	2	7	2	2	6	3	4	13	8	4	8	5	6	3	4
ASV894	35	49	39	49	49	71	81	87	84	75	57	78	67	49	65	27	89	68
ASV897	11	8	11	13	7	9	8	5	2	5	13	6	4	14	8	5	5	3
ASV9	48	64	40	46	91	73	134	201	228	268	295	547	521	937	1226	1643	776	734
ASV90	68	46	53	50	40	51	60	64	57	71	72	68	65	81	65	114	172	125
ASV900	4	4	3	8	4	3	4	1	3	2	7	1	6	5	5	6	2	3
ASV904	6	4	20	5	9	5	3	3	5	7	4	3	13	13	12	5	3	8
ASV905	4	5	3	2	8	5	3	5	6	11	5	7	5	2	6	4	4	2
ASV909	6	6	6	4	4	4	6	1	1	6	1	4	1	3	1	4	2	3
ASV91	1	6	3	7	4	3	6	3	4	4	4	4	3	4	4	3	1	8
ASV911	3	1	7	2	2	9	1	3	3	3	6	2	2	6	5	5	7	4
ASV913	17	7	7	10	9	8	7	5	9	7	14	18	8	15	14	5	5	4
ASV914	4	3	4	5	2	4	2	8	7	8	8	4	9	2	9	14	4	5
ASV915	8	5	8	6	10	11	12	14	10	4	6	6	16	10	8	4	5	11
ASV917	7	9	5	6	7	5	2	1	4	4	6	5	4	24	9	17	11	4
ASV918	8	4	8	3	7	4	5	10	9	11	16	11	4	14	6	9	13	10
ASV92	80	84	77	66	56	61	63	50	49	84	58	53	65	41	46	32	35	41
ASV920	12	9	7	10	9	8	10	8	8	11	13	8	12	5	5	4	1	1
ASV921	3	2	4	4	6	6	8	12	10	9	9	2	8	7	7	14	9	8
ASV922	7	8	13	2	9	8	13	4	10	5	6	5	5	2	3	3	2	1
ASV924	6	1	4	6	6	3	8	10	6	15	11	8	8	5	8	6	1	2
ASV925	2	6	3	4	6	2	3	3	1	1	2	6	5	5	3	4	5	10
ASV927	3	5	4	2	7	4	4	6	6	1	6	5	10	5	12	17	12	11
ASV93	123	31	43	44	63	54	31	73	56	51	62	52	84	100	91	130	62	66
ASV930	7	7	5	8	12	5	4	4	6	9	5	5	3	4	4	6	7	1
ASV936	6	5	13	5	8	10	8	8	4	8	6	5	11	4	3	10	7	1
ASV937	6	4	8	7	1	5	7	6	2	11	3	7	3	3	5	1	3	4
ASV938	3	2	1	4	10	3	4	5	3	1	4	4	3	7	8	13	17	11
ASV941	3	3	3	5	2	5	9	3	3	5	5	6	8	4	5	17	7	6
ASV944	12	5	12	3	6	7	2	1	7	5	7	6	8	4	10	6	3	2
ASV95	163	91	101	90	74	97	80	52	60	86	69	54	83	46	46	18	5	18
ASV952	13	11	16	14	10	16	15	16	12	12	12	11	8	4	6	10	12	8
ASV955	8	5	11	10	10	7	10	6	8	2	10	2	4	3	3	3	3	3
ASV956	9	8	4	5	5	3	3	3	4	10	3	3	4	2	6	2	1	6
ASV957	2	1	6	3	2	2	1	2	4	2	5	3	1	6	1	3	3	1
ASV96	26	30	40	40	59	59	59	65	70	52	73	78	91	92	80	90	129	120
ASV960	10	6	7	9	9	4	11	9	11	10	12	10	14	7	9	3	4	5
ASV966	11	9	12	7	9	11	7	6	8	19	7	11	4	7	10	8	3	4
ASV970	12	9	13	5	12	14	8	3	8	5	9	3	8	9	2	1	2	2
ASV975	7	2	5	6	7	5	5	7	8	7	4	4	4	4	9	5	5	2
ASV98	23	23	27	27	32	30	35	38	17	26	27	35	29	22	28	35	24	18
ASV980	6	2	1	7	1	6	6	2	9	12	5	7	4	5	11	8	10	7
ASV982	6	2	5	7	2	7	2	3	2	1	2	2	1	2	2	11	2	3
ASV983	17	10	13	9	9	7	10	5	9	11	3	8	10	7	5	4	6	1
ASV99	42	51	35	40	34	48	51	41	42	48	49	42	53	33	30	69	40	28
ASV990	4	4	3	13	10	23	8	6	3	9	14	8	16	6	2	3	5	2
ASV995	17	7	12	7	5	8	6	2	3	10	2	7	7	4	3	4	1	1
																		
																		
