Genus	A-0	A-1	A-2	A-3	A-4	A-5	A-6	A-7	A-8	A-9	A-11	A-12	A-13	A-14	A-15	A-16	A-17	A-20	A-21	A-23	A-24	A-25	A-26	A-27	A-28	A-29	A-30	A-32	A-34	BS-2	C3-2	G-1	G-2	G-3	G-4	G-5	GR-01	LW-1	T-1	All
Unassigned	37.2	30.1	23.4	28.4	26	23.1	26.2	23.6	19.6	19.2	22.1	20.4	18.5	19.5	17.7	15.3	13.7	13.3	13.9	12.9	17.3	17.9	18	20.9	19.6	27.7	27.2	29.1	21.7	24.1	37.4	45	49.9	37.6	42.8	47.7	31	48.8	29.8	53
Flavobacterium	5.76	3.51	1.72	2.97	2.39	2.42	2.31	2.07	1.48	1.83	1.52	2.38	2.24	2.6	3.25	2.29	2.21	2.12	2.47	2.52	3.12	4.3	3.89	3.68	1.84	2.71	1.12	4.09	1.61	10.6	4.89	0.351	0.109	0.694	0.505	0.0566	1.49	0.377	1.51	2.2
Nocardioides	1.81	3.75	2.57	3.28	2.86	2.87	3.07	3.56	2.59	2.1	2.73	2.67	2.61	2.74	1.83	2.21	3.02	2.85	1.9	2.71	4.07	3.73	3.37	2.98	3.12	4.21	3.88	3.51	3.36	2.55	2.8	4.06	3.68	3.85	3.64	1.1	8.24	3.81	1.52	2.1
Pseudomonas	3.51	10	28.3	19.3	20.5	20.6	17.4	18.4	22.8	22.6	17.1	17.2	20.5	17.2	19	23	16.3	22.4	27.4	17.6	17.4	17.3	15.3	14.9	15.5	17.8	14.6	16.4	19.8	12.7	11.1	7.74	11.4	13.6	13.7	22.7	14.9	9.57	4.18	2
Sphingomonas	1.14	0.909	0.754	0.826	0.694	0.619	0.622	0.52	0.471	0.453	0.671	0.468	0.539	0.479	0.392	0.43	0.434	0.351	0.268	0.358	0.502	0.577	0.611	0.811	0.686	0.581	0.468	0.513	0.37	0.294	0.358	0.675	0.305	0.89	0.592	0.245	0.328	0.849	0.302	1.5
Flavisolibacter	2.98	0.894	0.751	1.06	0.867	0.86	1.06	0.626	0.728	0.543	0.566	0.694	0.603	0.777	0.996	0.916	1.39	1.29	1.76	3.98	4.48	6.62	7.18	10.1	9.79	6.14	5.91	4.81	3.02	3.38	4.06	0.909	0.373	0.581	0.603	0.268	0.189	1.17	0.728	1.4
Planctomyces	0.619	0.23	0.204	0.181	0.215	0.192	0.245	0.102	0.0792	0.106	0.2	0.14	0.083	0.109	0.143	0.0981	0.0792	0.0264	0.0377	0.0302	0.0264	0.0415	0.0453	0.0717	0.0867	0.117	0.0792	0.162	0.17	0.0943	0.166	1.23	1.25	0.913	0.634	0.781	0.464	1.72	0.166	1.3
Arthrobacter	5.54	8.89	8.07	8.56	9.89	8.96	10.1	10	10.8	10.8	11.4	11.1	10.8	11.3	8.95	9.13	10.9	13.9	12.7	3.99	5.5	4.54	3.57	2.23	3.27	2.25	3.07	3.2	6.33	7.18	5.06	13.6	7.97	14.8	14.7	9.65	20.7	5.57	13.5	1
Adhaeribacter	1.15	0.49	0.377	0.453	0.426	0.309	0.396	0.419	0.377	0.272	0.498	0.479	0.407	0.404	0.554	0.479	0.66	0.524	0.815	10.4	9.68	7.48	7.97	5.75	7.75	3.51	5.31	4.48	4.37	0.735	1.4	0.181	0.0113	0.106	0.121	0.0189	0.0339	0.0415	0.0754	1
Pirellula	0.626	0.151	0.162	0.136	0.124	0.0981	0.0867	0.121	0.0603	0.0717	0.121	0.0943	0.0679	0.083	0.0717	0.0528	0.0302	0.0113	0.0113	0.0189	0.0151	0.0151	0.0113	0.0377	0.0113	0.0415	0.0566	0.0603	0.151	0.0415	0.0528	0.992	0.784	0.573	0.513	0.313	0.377	1.13	0.155	0.9
Blastocatella	1.51	0.366	0.324	0.4	0.328	0.294	0.313	0.211	0.166	0.207	0.181	0.17	0.136	0.181	0.241	0.207	0.14	0.147	0.147	0.189	0.287	0.298	0.294	0.422	0.611	0.426	0.456	0.675	0.305	0.192	0.332	1.1	0.845	0.668	0.547	0.162	0.309	1.8	0.483	0.8
Pontibacter	2.59	1.4	1.59	1.23	1.11	0.909	1.37	1.33	1.36	1.24	1.71	2.02	1.91	1.68	2.79	2.05	3.86	4.71	5.08	1.77	1.81	1.9	1.69	0.939	1.51	0.464	0.664	0.815	0.773	0.109	0.313	0.0867	0.00377	0.173	0.0943	0.0113	0.00754	0.147	1.49	0.8
Pedobacter	1.84	1.02	0.637	1.06	0.984	1.05	0.924	0.701	0.932	0.886	0.867	1.11	1.01	1.14	1.35	1.14	1.73	1.48	1.71	1.86	2.37	2.39	1.68	1.74	1.52	1.87	2.87	2.4	6.18	1.94	3.9	0.136	0.0943	0.238	0.049	0.0339	1.54	0.249	0.241	0.7
Opitutus	0.381	0.0792	0.0905	0.113	0.083	0.106	0.0754	0.0566	0.0453	0.0453	0.0566	0.0415	0.0679	0.0717	0.0453	0.0566	0.0339	0.0113	0.0151	0.0151	0.0339	0.0226	0.0339	0.0792	0.083	0.0603	0.083	0.392	0.392	0.177	0.147	0.268	0.52	0.23	0.185	0.215	0.411	0.343	0.0528	0.6
Bdellovibrio	0.128	0.0867	0.0339	0.083	0.0566	0.0453	0.0566	0.0264	0.00377	0.0226	0.0453	0.0415	0.0264	0.0339	0.0302	0.0189	0.0302	0.00754	0.0302	0.049	0.128	0.23	0.494	1.14	0.671	0.769	0.592	0.747	0.332	0.272	0.355	0.0905	0.117	0.117	0.083	0.117	0.083	0.113	0.0377	0.6
Paenibacillus	0.189	0.211	0.109	0.151	0.173	0.136	0.147	0.121	0.121	0.132	0.143	0.106	0.102	0.121	0.128	0.0981	0.0792	0.109	0.162	0.177	0.449	0.166	0.132	0.117	0.238	0.185	0.0641	0.0981	0.249	0.0453	0.0377	0.0943	0.121	0.117	0.0943	0.298	0.0415	0.155	0.0603	0.6
Pir4_lineage	0.313	0.124	0.113	0.173	0.117	0.143	0.151	0.0717	0.0754	0.0528	0.23	0.0717	0.0905	0.102	0.0453	0.049	0.0641	0.0226	0.0264	0.0189	0.0113	0.0113	0.0377	0.0415	0.0641	0.0302	0.0905	0.109	0.173	0.0603	0.102	0.309	0.841	0.328	0.483	0.445	0.249	0.513	0.0754	0.6
Rubellimicrobium	0.132	0.324	0.249	0.313	0.264	0.177	0.256	0.204	0.253	0.238	0.26	0.275	0.2	0.234	0.2	0.136	0.158	0.106	0.0981	0.0377	0.0302	0.0377	0.0302	0.0302	0.0641	0.0415	0.049	0.0679	0.0453	0.0302	0.0415	0.0528	0.0113	0.143	0.0754	0.00377	0.0226	0.0905	0.132	0.5
Devosia	0.811	0.788	0.498	0.585	0.588	0.513	0.502	0.536	0.449	0.464	0.566	0.675	0.645	0.547	0.471	0.566	0.8	0.456	0.392	1.83	2.96	3.26	3.2	2.89	2.7	3.21	3.49	3.48	2.93	2.46	2.92	0.788	0.6	0.652	0.411	0.155	0.973	0.622	0.596	0.5
Brevundimonas	0.283	0.279	0.245	0.272	0.275	0.226	0.181	0.2	0.192	0.226	0.253	0.279	0.264	0.279	0.298	0.272	0.347	0.52	0.551	2.26	2.62	3.48	2.81	3.09	2.53	2.36	1.57	1.45	1.17	2.14	1.7	0.0453	0.049	0.128	0.083	0.0264	0.143	0.0641	0.192	0.5
Polycyclovorans	0.358	0.313	0.23	0.377	0.245	0.2	0.253	0.192	0.0679	0.155	0.17	0.121	0.147	0.147	0.117	0.0981	0.00754	0.00377	0	0	0.0151	0.0113	0.0113	0.00377	0.00377	0	0	0.0113	0.00754	0	0	0.373	0.717	0.69	0.754	2.29	0.124	0.283	0.0226	0.5
Bacillus	0.441	0.358	0.358	0.419	0.366	0.351	0.471	0.358	0.441	0.43	0.449	0.498	0.37	0.366	0.437	0.328	0.328	0.23	0.215	0.0113	0.0302	0.0226	0.0151	0.0302	0.0226	0.0264	0.0226	0.0189	0.0302	0.00754	0.0339	2.1	1.77	2.2	3	1.21	0.0943	0.453	0.668	0.5
Chryseobacterium	0.268	0.177	0.162	0.189	0.166	0.264	0.128	0.192	0.294	0.287	0.121	0.351	0.358	0.366	0.49	0.449	0.784	0.441	0.622	0.864	0.841	0.796	1.41	1.09	1.28	1.78	0.577	0.694	0.377	4.02	1.58	0.0189	0.358	0.0603	0.0339	0.049	0.0943	0.0679	1.23	0.5
Peredibacter	0.362	0.173	0.132	0.158	0.102	0.049	0.0867	0.0981	0.0754	0.0453	0.083	0.0679	0.0302	0.0528	0.0339	0.0415	0.0453	0.0905	0.305	0.743	0.867	0.652	0.377	0.468	0.283	0.321	0.475	0.585	0.302	0.464	0.558	0.0377	0.0189	0.0189	0.00377	0.00377	0.0226	0.0302	0.00377	0.5
Fluviicola	0.856	0.347	0.204	0.279	0.23	0.151	0.2	0.155	0.0717	0.136	0.192	0.14	0.0943	0.102	0.0377	0.0754	0.0189	0.00754	0	0.00377	0.00754	0.0151	0.00377	0.0151	0.00377	0	0.00377	0	0.0189	0.00377	0.00377	0.00754	0.121	0.0528	0.0151	0.0189	0.128	0.049	0.0113	0.5
Dyadobacter	2.24	0.901	0.52	0.735	0.671	0.664	0.807	0.634	0.739	0.724	0.717	0.668	0.615	0.581	0.743	0.758	1.41	1.84	2.5	0.743	1.09	1.41	1.37	1.46	1.74	1.88	3.38	2.35	1.72	1.95	3.39	0.264	1.34	0.287	0.37	0.264	1.29	0.471	0.607	0.4
Massilia	2.3	2.4	1.76	2.1	2.44	2.52	3	2.84	1.99	2.34	4.08	4.01	3.53	3.98	4.77	3.71	3.3	3.36	2.39	1.21	0.751	0.833	0.536	0.268	0.358	0.253	0.275	0.317	0.479	1.29	0.683	0.686	0.136	1.12	0.573	0.192	0.0679	0.29	0.694	0.4
Novosphingobium	0.177	0.2	0.136	0.241	0.136	0.121	0.162	0.113	0.106	0.102	0.155	0.136	0.0981	0.102	0.14	0.109	0.0717	0.0679	0.049	0.0453	0.049	0.0528	0.0377	0.0453	0.0792	0.049	0.0603	0.0226	0.0415	0.128	0.0603	0.136	0.0981	0.0603	0.0453	0.0151	0.192	0.0566	0.0453	0.4
Chthoniobacter	0.347	0.102	0.121	0.102	0.0641	0.0339	0.0528	0.0453	0.0226	0.0302	0.0566	0.0226	0.0528	0.049	0.0603	0.0377	0.0339	0.0151	0	0.0151	0.0339	0.0453	0.14	0.0943	0.177	0.166	0.181	0.14	0.109	0.049	0.0641	0.0641	0.204	0.132	0.049	0.324	0.14	0.17	0.00754	0.4
Rhizobium	0.449	0.381	0.256	0.343	0.305	0.275	0.275	0.238	0.173	0.219	0.234	0.305	0.26	0.275	0.29	0.211	0.268	0.219	0.162	0.328	0.52	0.437	0.694	0.517	0.822	0.769	0.747	0.69	0.46	0.532	0.569	0.622	0.769	0.46	0.234	0.324	2.78	0.449	0.162	0.4
Sphingobacterium	0.475	0.762	0.298	0.456	0.268	0.471	0.415	0.309	0.415	0.324	0.324	0.411	0.468	0.494	0.656	0.664	0.958	0.619	0.965	1.41	2.05	0.981	1.17	0.803	0.83	0.596	0.69	0.732	1.18	2.74	0.958	0.00754	0.00754	0.00377	0	0.00377	0.00377	0.268	0.781	0.4
Lysobacter	0.132	0.207	0.215	0.219	0.211	0.234	0.226	0.245	0.23	0.238	0.321	0.234	0.355	0.26	0.419	0.524	0.52	0.611	0.328	1.1	1.92	2.47	2.49	1.77	1.87	1.67	0.981	0.928	0.434	1.53	0.996	0.00754	0.0151	0.0528	0.0302	0.0113	0.0151	0.0151	0.0302	0.4
Iamia	0.17	0.253	0.166	0.215	0.173	0.173	0.128	0.117	0.0641	0.0566	0.0867	0.102	0.0943	0.106	0.0943	0.0717	0.0226	0.0189	0.0226	0.00754	0.0226	0.00377	0.0226	0.0151	0.0339	0.0151	0.0226	0.0339	0.0226	0.0151	0.0189	0.151	0.388	0.275	0.211	0.245	0.151	0.615	0.0717	0.4
Solirubrobacter	0.0566	0.181	0.121	0.223	0.121	0.121	0.121	0.106	0.0679	0.0641	0.106	0.0641	0.0792	0.0641	0.0603	0.0717	0.0339	0.00754	0.0264	0.00754	0.00754	0.00377	0.00377	0.0113	0.00754	0.00377	0.0415	0.00754	0.00754	0.0113	0.0113	0.415	0.0981	0.441	0.287	0.102	0.181	0.211	0.0717	0.3
Haliangium	0.049	0.113	0.0717	0.0528	0.0528	0.049	0.049	0.0377	0.0189	0.0453	0.0339	0.0415	0.0264	0.0226	0.0528	0.0339	0.0113	0	0	0.00377	0.00377	0.00377	0	0	0.00377	0	0.00377	0.0113	0.0226	0	0	0.083	0.332	0.241	0.136	0.309	0.0415	0.0528	0.0113	0.3
Segetibacter	0.223	0.0603	0.0226	0.0792	0.0377	0.0528	0.0792	0.0377	0.0603	0.0264	0.0377	0.0528	0.0528	0.0641	0.0528	0.0679	0.102	0.0151	0.0339	0.0264	0.0226	0.0339	0.0151	0.0302	0.0641	0.0302	0.0189	0.0339	0.0151	0.0415	0.0189	0.234	0.147	0.155	0.155	0.0453	0.0151	0.253	0.132	0.3
Herpetosiphon	0.113	0.0415	0.0415	0.0679	0.0566	0.0679	0.0528	0.0641	0.0226	0.0264	0.049	0.0453	0.0113	0.0113	0.0377	0.0113	0.0339	0.0151	0.0151	0.0113	0.0113	0.0189	0.0189	0.049	0.0377	0.0377	0.0679	0.415	0.132	0.0453	0.0603	0.0679	0.0905	0.0377	0.0867	0.0113	0.0264	0.083	0.049	0.3
Acinetobacter	0.784	3.7	2.43	1.36	1.24	1.89	2.09	3.05	5.42	6.07	5.18	7.79	7.96	7.85	9.32	8.67	9.13	6.85	5.48	8.12	0.532	0.321	0.453	0.321	0.592	0.196	0.173	0.147	0.324	1.23	0.26	0.0113	0.0151	0.0189	0.0264	0.00754	0.00377	0.0113	3.13	0.3
Terrimonas	0.207	0.102	0.049	0.0679	0.0981	0.083	0.0679	0.0603	0.0415	0.0151	0.0339	0.0415	0.0113	0.0264	0.0453	0.0113	0.00377	0.0151	0.0302	0.00754	0.0339	0.0226	0.0302	0.0679	0.0717	0.0717	0.0566	0.0905	0.083	0.0189	0.0226	0.675	0.547	0.185	0.158	0.0453	0.46	1.09	0.083	0.3
Nitrospira	0.181	0.109	0.106	0.0943	0.109	0.083	0.0415	0.0603	0.0377	0.0717	0.0528	0.0339	0.049	0.0566	0.0302	0.0415	0.0226	0.00377	0.0226	0.0113	0.00377	0.00377	0	0.0151	0.00377	0	0	0	0.00377	0.0113	0.00377	0.619	0.762	0.302	0.339	0.343	0.113	1.06	0.049	0.3
Mycobacterium	0.117	0.147	0.128	0.102	0.109	0.0943	0.102	0.0943	0.121	0.0528	0.136	0.0792	0.0679	0.0717	0.0754	0.0566	0.0717	0.0528	0.0415	0.0226	0.0453	0.0415	0.0566	0.0453	0.0339	0.0302	0.0528	0.0339	0.0528	0.0226	0.0264	0.0528	0.0151	0.0377	0.0867	0.0377	0.106	0.223	0.0377	0.3
Ohtaekwangia	0.17	0.0453	0.0302	0.0603	0.0453	0.0603	0.049	0.0264	0.0189	0.0339	0.0226	0.0377	0.0339	0.0302	0.0264	0.0189	0.0113	0.00754	0.00377	0.00754	0.0189	0.00377	0.0151	0.0339	0.0113	0.00754	0.0151	0.0339	0.0453	0.0226	0.0226	0.249	0.272	0.136	0.0679	0.803	0.547	0.309	0.0603	0.3
Cellvibrio	0.694	0.434	0.339	0.332	0.336	0.241	0.253	0.256	0.189	0.272	0.381	0.162	0.219	0.155	0.173	0.2	0.0792	0.272	0.969	0.781	1.18	1.63	3.88	5.36	3.82	2.83	5.82	2.9	4.55	1.2	1.17	0.0113	0.049	0.0113	0.0226	0.0528	0.0415	0.0453	0.0226	0.3
Nibribacter	0.554	0.253	0.143	0.215	0.181	0.256	0.256	0.309	0.279	0.211	0.381	0.396	0.253	0.309	0.4	0.328	0.449	0.294	0.226	0.106	0.0792	0.0754	0.0717	0.0641	0.0641	0.0339	0.0566	0.0641	0.083	0.0189	0.0151	0.245	0.00377	0.128	0.0717	0	0.00377	0.00377	0.0151	0.3
Gaiella	0.0566	0.226	0.147	0.17	0.0981	0.128	0.109	0.124	0.0453	0.083	0.102	0.0905	0.049	0.0603	0.0189	0.0528	0.0264	0.00377	0.00377	0.00377	0.0151	0.0113	0.00377	0.00754	0	0	0.00754	0.00377	0.0151	0.00377	0.00377	0.0603	0.0981	0.0792	0.0981	0.0641	0.00377	0.0453	0.0189	0.2
Altererythrobacter	0.215	0.298	0.204	0.385	0.223	0.26	0.147	0.189	0.147	0.14	0.256	0.14	0.136	0.196	0.17	0.17	0.158	0.196	0.155	0.272	0.366	0.339	0.339	0.245	0.336	0.207	0.155	0.132	0.113	0.117	0.0981	0.132	0.124	0.177	0.117	0.0566	0.0792	0.0566	0.0717	0.2
Microbacterium	0.392	1.19	0.969	1.09	1	1.04	1.02	1.15	0.996	1.1	1.27	1.13	1.3	1.28	0.928	1.21	1.09	1.41	1.04	0.996	1.37	1.16	1.4	0.739	0.932	0.988	1.2	0.977	1.44	1.43	1.03	0.219	0.2	0.396	0.426	0.0754	0.404	0.392	0.69	0.2
Variibacter	0.0792	0.0905	0.049	0.083	0.102	0.0302	0.0603	0.0679	0.0226	0.0302	0.0453	0.0415	0.0453	0.0264	0.0226	0.0415	0.0151	0.0189	0.00754	0	0.00754	0.00377	0.0113	0.0226	0.0151	0.0189	0.0189	0.0226	0.0113	0.0151	0.0151	0.219	0.328	0.128	0.0981	0.181	0.313	0.287	0.049	0.2
Pedomicrobium	0.0792	0.102	0.102	0.0905	0.0528	0.0377	0.0641	0.0566	0.049	0.0453	0.0603	0.0415	0.0339	0.0603	0.0226	0.0226	0.0264	0.0226	0.00754	0.00754	0.00377	0.00754	0.0189	0.0226	0.0189	0.0113	0.0189	0.0113	0.0339	0.0151	0.0302	0.143	0.219	0.162	0.158	0.196	0.151	0.204	0.00754	0.2
Gemmatimonas	0.0453	0.0943	0.113	0.117	0.117	0.083	0.0754	0.0754	0.0528	0.0415	0.0981	0.0867	0.0754	0.0377	0.0528	0.0302	0.0339	0.0528	0.0415	0.0415	0.0377	0.0339	0.0754	0.0867	0.113	0.0453	0.166	0.0867	0.0792	0.0339	0.0339	0.00377	0.00754	0.00754	0.0189	0.00377	0.00377	0.0226	0.0151	0.2
Aeromicrobium	0.121	0.17	0.151	0.166	0.124	0.128	0.204	0.155	0.166	0.173	0.192	0.128	0.14	0.151	0.166	0.155	0.207	0.162	0.0754	0.192	0.162	0.121	0.136	0.136	0.147	0.177	0.124	0.0754	0.0754	0.0641	0.109	0.275	0.177	0.287	0.234	0.00377	0.305	0.23	0.124	0.2
Mesorhizobium	0.0641	0.124	0.0754	0.0867	0.117	0.0754	0.0867	0.0717	0.0566	0.0792	0.0754	0.0566	0.0453	0.0377	0.049	0.0189	0.0264	0.0302	0.0189	0.0415	0.0415	0.0754	0.121	0.2	0.143	0.234	0.17	0.189	0.219	0.106	0.128	0.106	0.256	0.0867	0.083	0.106	0.158	0.113	0.0189	0.2
Arcticibacter	0.818	0.328	0.204	0.362	0.343	0.321	0.355	0.223	0.26	0.294	0.272	0.298	0.223	0.272	0.238	0.245	0.249	0.196	0.102	0.0641	0.0717	0.0603	0.0943	0.0905	0.0528	0.0339	0.26	0.0528	0.226	0.245	0.0717	0	0	0.00754	0.00377	0.00377	0.0113	0.00377	0.0302	0.2
Roseomonas	0.0226	0.0754	0.0603	0.0264	0.0528	0.0339	0.0679	0.0415	0.0603	0.0264	0.0415	0.0226	0.0302	0.0302	0.0302	0.0453	0.0226	0.0226	0.0302	0.0717	0.158	0.0754	0.0189	0.0302	0.0415	0.0641	0.0528	0.0151	0.0679	0.049	0.0189	0.0113	0.00377	0.049	0.0603	0.00754	0.0151	0.0113	0.0566	0.2
Candidatus_Alysiosphaera	0.0302	0.117	0.0528	0.0641	0.0566	0.0453	0.049	0.0717	0.0377	0.0377	0.0603	0.0302	0.0189	0.0339	0.0339	0.0415	0.00754	0.00754	0.0113	0	0.00377	0	0	0	0.00754	0	0	0	0	0	0	0.151	0.211	0.132	0.147	0.0415	0.0754	0.0641	0.0226	0.2
Marmoricola	0.0339	0.102	0.083	0.049	0.0415	0.0641	0.0566	0.0867	0.0415	0.0453	0.0754	0.0641	0.0717	0.0453	0.0339	0.0528	0.0226	0.0792	0.0377	0.0377	0.0302	0.0302	0.0339	0.0377	0.0415	0.0415	0.0566	0.0377	0.0264	0.0226	0.0264	0.0415	0.0113	0.0641	0.0717	0.00754	0.0264	0.185	0.0528	0.2
Reyranella	0.102	0.0415	0.0264	0.0377	0.0566	0.0377	0.0226	0.00754	0.0113	0.0226	0.0189	0.0189	0.00754	0.0264	0.00377	0.0113	0.0189	0	0	0.0113	0.0151	0	0	0.0151	0.0151	0.0189	0.0226	0.0226	0.0377	0.0189	0.0226	0.0641	0.366	0.0943	0.0792	0.166	0.0717	0.0981	0.00754	0.2
Bryobacter	0.0754	0.0226	0.0226	0.0302	0.0415	0.0339	0.0226	0.0226	0.0189	0.0151	0.0339	0.0189	0.00754	0.0226	0.0189	0.0189	0.0151	0.00377	0	0	0.00377	0.00754	0	0.00754	0.0113	0.00754	0.00754	0.00377	0.0189	0.00377	0.00377	0.049	0.147	0.0415	0.0302	0.0528	0.0226	0.0717	0.00377	0.2
Ferruginibacter	0.166	0.121	0.0905	0.121	0.102	0.109	0.083	0.0981	0.0641	0.102	0.0754	0.0943	0.0679	0.0943	0.0905	0.0905	0.0641	0.0226	0.0339	0.0566	0.0792	0.0905	0.117	0.336	0.23	0.287	0.17	0.249	0.102	0.166	0.124	0.0641	0.0717	0.0792	0.0679	0.0113	0.0113	0.192	0.117	0.2
I-8	0.109	0.0415	0.0264	0.0302	0.0377	0.00754	0.0151	0.0113	0.0113	0.00754	0.0151	0.0151	0.00377	0.0151	0.00754	0	0.00377	0	0	0	0	0	0	0	0.00377	0	0	0	0	0	0.00377	0.136	0.207	0.102	0.128	0.109	0.0113	0.00377	0	0.2
Microvirga	0.29	0.543	0.321	0.46	0.449	0.392	0.419	0.419	0.309	0.321	0.419	0.4	0.407	0.362	0.313	0.513	0.336	0.317	0.234	0.158	0.155	0.155	0.124	0.0981	0.106	0.158	0.196	0.147	0.173	0.166	0.128	0.0867	0.0226	0.151	0.132	0.0113	0.0113	0.14	0.49	0.2
Litorilinea	0.113	0.0377	0.0264	0.0415	0.0264	0.0151	0.0339	0.0151	0.00377	0.0113	0.0151	0.00754	0.00754	0.0264	0.0189	0.0302	0.00377	0	0	0.00377	0	0.0113	0	0.00377	0.00754	0.00377	0	0.00754	0.0113	0.00377	0	0.388	0.46	0.226	0.147	0.219	0.132	0.287	0.0943	0.2
Rhodopirellula	0.0867	0.0226	0.0453	0.0453	0.049	0.0302	0.049	0.0264	0.0264	0.0151	0.0264	0.0151	0.0302	0.0302	0.0226	0.00754	0.0151	0.00754	0.00377	0.00377	0.0189	0.00377	0.00754	0.0189	0.00754	0.0189	0.0113	0.0453	0.0679	0.0453	0.0717	0.083	0.0453	0.0339	0.049	0.00754	0.0226	0.0905	0	0.2
Phenylobacterium	0.0754	0.0566	0.0377	0.0566	0.0603	0.0528	0.0339	0.0302	0.0415	0.0302	0.049	0.0453	0.0339	0.0415	0.0264	0.0264	0.0302	0.0302	0.0302	0.049	0.0603	0.0566	0.0679	0.083	0.0641	0.102	0.049	0.0603	0.0302	0.0339	0.0264	0.0717	0.049	0.0566	0.0302	0.0717	0.166	0.0302	0.00377	0.2
Caulobacter	0.0754	0.0867	0.0528	0.0754	0.0717	0.0679	0.0377	0.0528	0.0226	0.0415	0.0717	0.0453	0.0302	0.0566	0.0453	0.0415	0.0189	0.0226	0.0264	0.377	1.03	0.969	1.45	0.837	0.913	1.3	0.773	0.739	0.532	0.453	0.487	0.155	0.106	0.177	0.0603	0.0867	0.637	0.0528	0.0113	0.2
Cellulomonas	0.0754	0.362	0.321	0.362	0.317	0.343	0.343	0.385	0.287	0.366	0.445	0.29	0.321	0.377	0.294	0.305	0.128	0.132	0.113	0.083	0.0905	0.0603	0.0679	0.00754	0.0528	0.0603	0.0603	0.0566	0.2	0.0603	0.0226	0.0679	0.0151	0.17	0.162	0.00754	0.0113	0.0339	0.0905	0.2
Nitrosomonas	0.0302	0.0339	0.0339	0.0377	0.00754	0.0189	0.0339	0.0151	0	0.0189	0.0151	0.00754	0.0151	0.0226	0	0	0.00377	0.00377	0	0	0	0	0	0	0	0	0.00754	0.00377	0.0339	0	0.0189	0.17	0.241	0.109	0.0679	0.0603	0.0415	0.724	0.0113	0.2
Paracocccus	0.332	1.06	0.762	1.04	0.962	0.939	0.928	0.981	1.04	1.01	1.27	1.39	1.18	1.35	1.39	1.44	1.93	2.95	1.91	1.35	2.01	1.28	1.21	0.781	0.837	1.03	1.61	1.28	2.23	1.03	0.668	0.671	0.0226	1.34	0.864	0.083	0.049	0.173	1.69	0.2
Candidatus_Nitrososphaera	0.743	0.226	0.226	0.29	0.264	0.211	0.204	0.162	0.0641	0.0792	0.0867	0.117	0.0905	0.109	0.0566	0.049	0.0453	0.0415	0	0	0.00754	0.00754	0.0113	0	0.00377	0.0113	0.00377	0.00754	0.00754	0.00377	0	0.151	0.536	0.223	0.471	0.754	0.0151	0.204	0.0717	0.2
Chitinophaga	0.143	0.0754	0.0377	0.0415	0.0453	0.049	0.0528	0.0377	0.0415	0.0264	0.0189	0.0226	0.0189	0.0151	0.0415	0.0151	0.00377	0.00377	0	0	0.00377	0	0	0.0113	0.0113	0.00377	0	0.0189	0	0	0.00754	0.0792	0.0641	0.0302	0.0302	0.0151	0.204	0	0.00377	0.2
Luteolibacter	0.856	0.272	0.162	0.26	0.177	0.215	0.2	0.162	0.0905	0.0603	0.121	0.14	0.0792	0.102	0.189	0.181	0.207	0.0943	0.113	1.32	2.56	3.46	4.33	4.39	3.53	3.01	2.44	1.29	0.803	2.63	1.88	0.0226	0.136	0.0189	0.0264	0.0415	0.283	0.0981	0.0453	0.1
Nakamurella	0.0113	0.0302	0.0641	0.0415	0.0339	0.0453	0.0566	0.0151	0.0302	0.0264	0.0415	0.0415	0.0415	0.0226	0.0113	0.0226	0.00754	0.0151	0.00377	0.00377	0.0151	0.0264	0.0226	0	0.0189	0.00754	0.0113	0.0189	0.0264	0.00754	0.0113	0.102	0.0679	0.192	0.14	0.0867	0.049	0.0717	0.0566	0.1
Streptomyces	0.207	0.434	0.23	0.264	0.268	0.226	0.256	0.275	0.177	0.17	0.256	0.238	0.158	0.2	0.136	0.117	0.128	0.0905	0.0415	0.0113	0.00754	0.0302	0.0151	0.00377	0.0226	0.0151	0	0.00754	0.0302	0.0264	0	0.396	0.916	0.396	0.509	0.106	0.121	0.162	0.0189	0.1
Rheinheimera	0.803	0.358	0.189	0.249	0.181	0.136	0.14	0.106	0.0943	0.0867	0.196	0.117	0.0641	0.0603	0.0528	0.0603	0.0226	0.0264	0.0453	0.0226	0.00377	0.0113	0.00754	0.0151	0	0.0453	0.302	0.0113	0.0189	0	0.00754	0	0	0	0	0	0.0226	0.0302	0	0.1
Deinococcus	0.00377	0.0226	0.0113	0.0339	0.0189	0.0226	0.0377	0.0339	0.0415	0.0302	0.0302	0.0566	0.0377	0.0603	0.0226	0.0339	0.0717	0.0302	0.0226	0.00754	0.0189	0.00754	0.0264	0.0264	0.0377	0.0226	0.0302	0.0302	0.0264	0.0226	0.109	0.00377	0	0.0189	0.0113	0.00377	0	0.00754	0.0151	0.1
Haloferula	0.0981	0.0566	0.049	0.049	0.0905	0.0453	0.0603	0.0226	0.0226	0.0377	0.0528	0.0226	0.0339	0.0377	0.0415	0.0151	0.0189	0.0113	0.00754	0.0264	0.0302	0.0453	0.177	0.0528	0.0867	0.0528	0.049	0.0226	0.0151	0.0528	0.121	0.117	0.0792	0.0679	0.0566	0.083	0.223	0.0754	0.0151	0.1
Agaricicola	0.0566	0.0528	0.0302	0.0377	0.0453	0.0151	0.0264	0.0453	0.0339	0.0264	0.0377	0.049	0.0264	0.0566	0.0226	0.0377	0.0189	0.0415	0.0603	0.0792	0.0905	0.132	0.173	0.17	0.245	0.332	0.264	0.294	0.211	0.17	0.256	0.049	0.0226	0.0189	0.00754	0.0302	0.00754	0.0377	0.049	0.1
Asticcacaulis	0.0226	0	0.0113	0.0151	0.0264	0.0113	0.0226	0.00377	0.0189	0.0151	0.00377	0.0151	0.0226	0.0226	0.00377	0.0189	0.00377	0.00377	0.0151	0.00754	0.0189	0.00754	0.0528	0.26	0.0943	0.0264	0.0264	0.0302	0.00754	0.0189	0.0189	0.0226	0.0151	0.0264	0.0113	0.109	0.124	0.0302	0.0151	0.1
Sphingopyxis	0.0641	0.0528	0.0339	0.0603	0.0453	0.0453	0.0302	0.0415	0.0189	0.0302	0.0415	0.0189	0.0189	0.0189	0.0189	0.0302	0.0151	0.0151	0.0113	0.049	0.0603	0.0943	0.0717	0.083	0.102	0.124	0.0453	0.0264	0.0302	0.0339	0.0226	0.0113	0.0867	0.0302	0.0113	0.0113	0.0981	0.0679	0.0189	0.1
Arenimonas	0.113	0.268	0.158	0.185	0.132	0.0867	0.113	0.136	0.0415	0.083	0.147	0.0641	0.0905	0.0641	0.0867	0.0867	0.0679	0.0717	0.0339	0.0679	0.147	0.185	0.147	0.211	0.2	0.249	0.245	0.287	0.117	0.117	0.173	0.0113	0.00377	0.0113	0.00754	0.0151	0.0453	0.0528	0.0113	0.1
Gemmata	0.0453	0.0339	0.0264	0.0226	0.0151	0.0189	0.0264	0.0113	0.0151	0.0113	0.0151	0.0151	0.0151	0.0151	0.0226	0.00377	0	0.00377	0	0.00377	0	0	0.00377	0.00377	0	0	0	0	0	0	0	0.132	0.147	0.0528	0.0943	0.0792	0.049	0.0754	0.00754	0.1
Erythrobacter	0.0792	0.0641	0.0377	0.0603	0.0339	0.0566	0.0264	0.0377	0.0339	0.0339	0.0453	0.0415	0.0415	0.0528	0.0377	0.0528	0.0905	0.14	0.117	0.185	0.249	0.23	0.181	0.158	0.29	0.219	0.166	0.177	0.109	0.166	0.143	0.00377	0	0.0302	0.0189	0	0.0113	0.0113	0.0377	0.1
Rhodococcus	0.245	0.121	0.155	0.155	0.14	0.158	0.192	0.17	0.192	0.143	0.166	0.166	0.23	0.147	0.083	0.14	0.272	0.177	0.121	1.19	0.856	0.66	0.626	0.573	0.558	0.615	0.626	0.592	1.52	0.456	0.49	0.0792	0.00754	0.0528	0.0377	0.00377	0.0302	0.0981	0.238	0.1
Euzebya	0.0302	0.0792	0.0415	0.0717	0.0453	0.0189	0.0415	0.0377	0.0302	0.0113	0.0377	0.0302	0.0151	0.0226	0.0264	0.0226	0.00377	0.00754	0.0113	0	0.00377	0	0.00754	0.00754	0	0	0.00754	0.0151	0.0113	0.0226	0.0189	0.00754	0.00377	0.0189	0.0151	0	0.0151	0	0.00377	0.1
CL500-29_marine_group	0.0528	0.083	0.0453	0.0377	0.0113	0.0302	0.0264	0.0189	0.0113	0.0151	0.0189	0.0113	0.0189	0.0113	0.00754	0.0151	0.0113	0.00377	0	0	0	0.00754	0	0	0.00377	0	0.0113	0	0.00377	0	0	0.0566	0.173	0.136	0.0792	0.0792	0.049	0.0905	0.00754	0.1
Rufibacter	0.513	0.211	0.128	0.181	0.147	0.0981	0.128	0.158	0.17	0.106	0.283	0.207	0.204	0.215	0.309	0.23	0.355	0.264	0.268	0.166	0.083	0.189	0.0603	0.121	0.0943	0.0453	0.0867	0.109	0.121	0.0113	0.0189	0.0905	0.00377	0.0415	0.0151	0	0.00377	0.00377	0.00377	0.1
Nannocystis	0.0189	0.0453	0.0528	0.0415	0.0264	0.0113	0.0226	0.0189	0.0151	0.0189	0.0189	0.00377	0.0189	0.0113	0.0189	0.0302	0.0113	0	0	0	0	0	0	0	0.00377	0	0.0151	0.00377	0	0.00377	0.0189	0.0151	0.00377	0.049	0.0453	0.0566	0	0.0377	0.00377	0.1
Legionella	0	0.0151	0.00377	0.00377	0.00754	0.00377	0	0.00754	0.00377	0.00377	0.00377	0.00377	0.00377	0	0.00377	0	0.00377	0	0	0.00377	0	0	0	0	0	0	0.00377	0	0	0	0	0.0754	0.173	0.0754	0.0679	0.117	0.0151	0.0339	0.00754	0.1
Geodermatophilus	0.0339	0.121	0.128	0.0867	0.0943	0.0943	0.121	0.14	0.049	0.0641	0.0981	0.083	0.0792	0.0943	0.0566	0.0641	0.0415	0.0151	0.0151	0.0113	0.0113	0.0113	0.00754	0.0189	0	0.00377	0.00754	0.0189	0.0151	0.00754	0.00754	0.0339	0	0.083	0.049	0.00377	0.00377	0.0641	0.0264	0.1
Phaeodactylibacter	0.0113	0.0113	0.00377	0.00754	0.00754	0	0.00754	0.00377	0	0	0.00377	0.00377	0.0113	0.00754	0	0.00377	0.00377	0	0	0.00377	0	0	0	0	0.00377	0.00377	0	0	0	0	0.00754	0.211	0.136	0.0453	0.0151	0.0528	0.049	0.128	0.0189	0.1
Flavitalea	0.121	0.0415	0.0151	0.0453	0.0641	0.0189	0.0603	0.0377	0.00377	0.00377	0.0302	0.0339	0.0377	0.0226	0.0226	0.0226	0.0151	0.0264	0.00754	0.0264	0.0528	0.0415	0.049	0.0566	0.0717	0.0415	0.0566	0.0415	0.0302	0.0226	0.0339	0.0754	0.0943	0.0302	0.0679	0.0113	0.0377	0.0943	0.0302	0.1
Bosea	0.124	0.268	0.162	0.211	0.2	0.132	0.196	0.215	0.0943	0.124	0.151	0.136	0.124	0.132	0.121	0.0754	0.0905	0.0339	0.049	0.0528	0.0528	0.128	0.0754	0.0679	0.117	0.106	0.177	0.121	0.0981	0.162	0.128	0.102	0.0339	0.207	0.166	0.0641	0.109	0.0943	0.106	0.1
Saccharibacillus	0.049	0.049	0.049	0.0641	0.0981	0.215	0.143	0.0792	0.0603	0.162	0.0603	0.102	0.0717	0.113	0.117	0.196	0.0415	0.0453	0.0415	0	0.0189	0	0.00754	0.00754	0.00377	0	0.0189	0.00377	0	0.0264	0.0151	0.00377	0	0.00377	0.00754	0	0	0	0.0566	0.1
Roseiflexus	0.0189	0.0302	0.0113	0.00754	0.00754	0.0339	0.0113	0.00754	0.00377	0.00754	0.0151	0.0151	0.0151	0.00754	0.00377	0.00754	0.00377	0.00754	0	0	0	0.00377	0	0	0.00377	0	0	0.00754	0.00377	0	0	0.0151	0.14	0.0415	0.0603	0.0415	0.0302	0.0264	0.0415	0.1
Skermanella	0.0867	0.0981	0.0981	0.049	0.102	0.0603	0.0717	0.0566	0.049	0.0339	0.0792	0.0603	0.0453	0.049	0.083	0.083	0.0189	0.0113	0.0151	0.00754	0.00377	0.00754	0	0	0.00754	0.00377	0.00377	0.0151	0.0113	0.00377	0.00377	0.0867	0.0679	0.181	0.0867	0.0566	0.0717	0.0679	0.102	0.1
Spike	0.117	0.947	1.08	0.536	0.841	0.66	0.532	0.637	0.483	0.66	0.539	0.562	0.487	0.581	0.947	1.26	3.49	0.238	0.238	0.754	0.913	0.852	0.66	0.569	0.856	0.619	0.321	0.664	0.913	0.268	0.245	0.177	0.498	0.622	0.6	1.7	0.0905	0.177	0.0981	0.1
Aquicella	0.0113	0.0113	0.00377	0	0	0	0	0.0113	0	0	0.00754	0.00754	0.00754	0.00377	0	0.00377	0.00377	0	0	0.00377	0	0	0	0	0.00377	0	0	0	0	0.00377	0	0.102	0.0415	0.0867	0.0226	0.166	0.0189	0.0679	0.00377	0.1
Sphingobium	0.049	0.0264	0.00754	0.0415	0.00754	0.0189	0.0113	0.0189	0.0264	0.0264	0.0264	0.00377	0.00754	0.0189	0.0226	0.00377	0.0528	0.0113	0	0.0226	0.00377	0.00754	0.00754	0.0151	0.00754	0.00377	0.0151	0	0.00377	0.109	0.00754	0.00377	0	0.0226	0.00754	0.00754	0.0679	0.0113	0.132	0.1
Pseudonocardia	0.0113	0.049	0.0226	0.0566	0.0377	0.0377	0.0302	0.0302	0.0226	0.0113	0.0377	0.0226	0.0302	0.0113	0.00754	0.00377	0.00754	0	0.00377	0.00377	0	0.00377	0.00377	0	0.00377	0.0151	0.0113	0.00377	0	0.00377	0.00377	0.0189	0	0.0679	0.0415	0.0189	0.0302	0.0377	0.00377	0.1
Acidibacter	0.0603	0.0377	0.0151	0.0339	0.0151	0.0189	0.00754	0.0113	0.00754	0.00754	0.0189	0.00377	0.00754	0.00754	0.0113	0.0151	0.00377	0	0	0	0.00754	0.00754	0	0	0.00377	0	0	0.00377	0	0.00377	0	0.0339	0.0264	0.0226	0.0264	0	0.147	0.0189	0.00754	0.1
Parapedobacter	0.0717	0.0189	0.0189	0.0189	0.00754	0.0151	0.0189	0.0151	0.0226	0.0226	0.0113	0.0113	0.00754	0.00377	0.0113	0.0264	0.00754	0.00377	0	0.00377	0.00754	0	0.00377	0	0	0.00754	0.00377	0.0226	0.189	0.00754	0.0302	0	0	0	0.00377	0	0	0.00754	0	0.1
Hyphomicrobium	0.0867	0.132	0.0792	0.117	0.0905	0.0641	0.109	0.0754	0.049	0.0641	0.0792	0.0453	0.0302	0.0603	0.0867	0.0377	0.0302	0.00754	0.00377	0	0.00377	0.0302	0.0151	0.0226	0.0189	0.0226	0.0453	0.0302	0.0377	0.0226	0.0377	0.173	0.29	0.155	0.121	0.166	0.2	0.196	0.0113	0.1
Pseudospirillum	0.0943	0.0339	0.00754	0.0151	0.0189	0.0113	0.0339	0.00754	0.0113	0.00754	0.0189	0.0151	0.0226	0	0.0151	0.00754	0.00377	0	0.00754	0	0.00754	0	0.00377	0.00377	0.00377	0	0.00377	0.0151	0	0	0	0.049	0.0792	0.0264	0.0189	0.0226	0.0415	0.113	0.00377	0.1
Blastococcus	0.0415	0.215	0.0905	0.185	0.113	0.113	0.14	0.158	0.106	0.136	0.128	0.0905	0.0754	0.147	0.0754	0.0754	0.0528	0.049	0.0603	0.0113	0.00754	0.0189	0.00754	0.00754	0.0151	0.0113	0.00754	0.0189	0.0151	0.0226	0.00377	0.0717	0.00377	0.117	0.0566	0.0264	0.0189	0.0226	0.0264	0.1
Prosthecobacter	0.113	0.0264	0.0189	0.0151	0.0113	0.0189	0.0189	0.0113	0.00377	0.00754	0.0113	0.00377	0.0151	0.0189	0.00754	0.0113	0.00754	0	0.00377	0	0	0	0.00377	0	0.00377	0	0	0	0.00754	0.0302	0.0302	0.0113	0.0867	0.00377	0.00377	0.0339	0.049	0.0754	0.00377	0.1
hgcI_clade	0.0528	0.185	0.14	0.23	0.177	0.109	0.147	0.204	0.0717	0.0867	0.128	0.106	0.0981	0.109	0.17	0.109	0.0415	0.0339	0.0302	0	0.00377	0	0	0	0	0	0	0.00754	0	0	0	0	0.00377	0	0	0.00377	0	0	0	0.1
Stenotrophomonas	0.388	0.554	0.332	0.434	0.52	0.468	0.283	0.226	0.223	0.275	0.396	0.328	0.26	0.313	0.453	0.404	0.302	0.219	0.109	0.162	0.124	0.109	0.245	0.162	0.136	0.121	0.0943	0.0981	0.0867	1.41	0.166	0.0113	0.0981	0.0453	0.0151	0.0415	0.0528	0.00377	0.0566	0.1
Microlunatus	0.0226	0.0339	0.0566	0.0566	0.0226	0.0641	0.0339	0.0528	0.0226	0.0377	0.0566	0.0679	0.0453	0.0302	0.0377	0.00754	0.0226	0.0264	0.0226	0.0113	0.00754	0.00754	0.00377	0.00377	0.00754	0.00754	0.00754	0.0151	0.0113	0	0	0.0867	0.136	0.192	0.166	0.0226	0.049	0.0641	0.0453	0.1
Taibaiella	0.313	0.0754	0.0339	0.049	0.0603	0.0415	0.0603	0.0415	0.0189	0.0113	0.0302	0.0151	0.0302	0.00754	0.00377	0.00754	0.0151	0.00754	0.00377	0.00754	0	0.0113	0.0113	0.0151	0.00377	0.0151	0.00754	0.00377	0.0151	0.0113	0.0189	0.0151	0.102	0.117	0.0377	0.106	0.0189	0.121	0	0.1
Candidatus_Protochlamydia	0.0453	0	0.0113	0.0226	0.0302	0.00377	0.00754	0.0113	0.00377	0.00754	0.0113	0.00377	0.00377	0.0151	0.0113	0.00377	0.00377	0.00754	0	0.00377	0.00377	0	0	0	0	0	0.00377	0	0	0	0.00377	0.083	0.083	0.0189	0.0415	0.00754	0.0113	0.173	0.0113	0.1
Isosphaera	0.00754	0.00377	0.0151	0	0	0.00377	0.0113	0.00377	0.00754	0.00754	0.00754	0.00377	0	0.00377	0	0	0	0	0	0	0.00377	0	0	0.0113	0.00754	0.00754	0.00377	0	0.00377	0.00377	0	0.083	0.083	0.049	0.049	0.0226	0.0339	0.0415	0.00377	0.1
Rhodocytophaga	0.124	0.0339	0.049	0.0415	0.0453	0.0339	0.0189	0.0113	0.00754	0.0226	0.049	0.0302	0.0226	0.0264	0.0339	0.0226	0.00754	0.0302	0.0264	0.0226	0.0754	0.0453	0.0339	0.0528	0.0754	0.0226	0.0189	0.0189	0.083	0.00754	0.0113	0.049	0	0.0415	0.0415	0	0.00754	0.0453	0.0302	0.1
Blastopirellula	0.0415	0.00377	0.0113	0.0226	0.0189	0.0151	0.0189	0.00754	0	0.0151	0.00754	0.00377	0.00754	0.0151	0.00754	0	0.00377	0	0.00754	0	0	0	0.00377	0.00754	0	0.00377	0.00377	0	0	0	0.00377	0.121	0.0679	0.102	0.0641	0.0528	0.0453	0.283	0.0264	0.1
Woodsholea	0.0226	0.0189	0.0264	0.0264	0.00377	0.00377	0.0302	0.0226	0.00377	0.0189	0.0151	0.0189	0.0113	0.0151	0.0151	0.00377	0	0	0.00377	0	0	0	0.00377	0	0.00377	0	0.00754	0	0.00377	0	0	0.0641	0.0339	0.0339	0.0226	0.0113	0.0528	0.049	0.0113	0.1
Bauldia	0.0151	0.0226	0.0189	0.0226	0.0113	0.0113	0.0377	0.0113	0.0113	0.00754	0.0113	0.00377	0.0264	0.0264	0.00754	0.00377	0.00754	0.00377	0	0	0	0.00377	0.00377	0	0.00377	0.00377	0.00377	0.00377	0.00377	0	0	0.0943	0.196	0.0415	0.049	0.0867	0.0339	0.0943	0.0113	0.1
Steroidobacter	0.0339	0.0339	0.0264	0.0151	0.0339	0.0113	0.0264	0.0302	0.00377	0.0151	0.0264	0.00754	0.0113	0.0302	0.0151	0.0264	0.0151	0.0113	0.0151	0.00377	0.0113	0.00377	0.00754	0	0	0	0	0	0	0.00377	0	0.0377	0.00377	0.00377	0.00377	0	0.196	0.00754	0.00754	0.1
Planococcus	2.95	5.43	6.67	5.04	7.18	8.69	7.89	10.1	10.6	10.6	7.3	7.35	7.54	7.88	6.29	6.9	6.06	6.07	4.45	0.238	0.479	0.532	0.468	0.283	0.585	0.509	0.6	0.562	1.15	1.92	2.09	3.38	0.0679	2.33	1.05	0.049	0.0264	1.18	13.8	0.1
Niastella	0.0528	0.0113	0.0113	0.0226	0.0264	0.0151	0.0151	0.0113	0.00377	0.00377	0.0189	0.00377	0.0113	0.00377	0.0113	0	0.00377	0.00377	0.00377	0.00377	0	0.00377	0	0.00754	0.00754	0.00754	0	0	0	0	0	0.0679	0.113	0.0453	0.0528	0.0339	0.0717	0.283	0.0943	0.1
Nordella	0.0867	0.0302	0.0189	0.0453	0.0415	0.0302	0.0226	0.0339	0.00377	0.00754	0.0377	0.0151	0.0113	0.0226	0.00754	0.0226	0.0113	0.00754	0.00377	0	0.00377	0.0113	0	0.00377	0.0189	0	0.00754	0.0113	0.00754	0.00754	0	0.185	0.219	0.117	0.0943	0.0792	0.151	0.14	0.00754	0.1
Burkholderia	0.00754	0.0528	0.136	0.106	0.0679	0.0792	0.0981	0.109	0.109	0.124	0.128	0.0717	0.0641	0.0981	0.117	0.113	0.117	0.0377	0.0302	0.0377	0.102	0.0641	0.0867	0.083	0.0792	0.109	0.083	0.102	0.0943	0.0641	0.0339	0.0226	0.0603	0.102	0.0566	0.143	0.00754	0.0415	0.0302	0.1
Lysinimonas	0.0339	0.0641	0.0754	0.0754	0.0679	0.0302	0.0641	0.0415	0.049	0.049	0.0679	0.0641	0.0339	0.0528	0.049	0.0189	0.0151	0.0113	0	0.00754	0.0113	0.0151	0.0113	0.00754	0.00754	0.0113	0.0226	0.0113	0.0339	0.0151	0.0151	0.0113	0.132	0.0226	0.0339	0.0264	0.0641	0.158	0.0264	0.1
Rubrivirga	0.0226	0.0151	0.0264	0.0226	0.0113	0.00377	0.0302	0.0151	0.0226	0.00377	0.0151	0.0264	0.0264	0.00377	0.00754	0.00754	0.0151	0.0302	0.0113	0.0113	0.00754	0.0151	0.00754	0.0113	0.00754	0.00754	0.0189	0.0302	0.0151	0.0151	0.0264	0	0	0	0.00377	0	0	0.00377	0.00754	0.1
Patulibacter	0.0603	0.113	0.049	0.0792	0.0264	0.0415	0.0717	0.049	0.0566	0.0302	0.0641	0.0302	0.0377	0.0302	0.0189	0.0151	0.00377	0.00377	0.00377	0.00754	0.00377	0.00377	0.00754	0.00754	0.00754	0.00377	0	0.00377	0.00754	0	0.00377	0.0717	0.234	0.155	0.147	0.189	0.0113	0.166	0.0415	0.1
Paucimonas	0.083	0.0603	0.0377	0.0754	0.0453	0.0453	0.0603	0.049	0.049	0.049	0.113	0.0603	0.0377	0.0717	0.0566	0.0792	0.155	0.0453	0.0641	0.0264	0.0113	0.0189	0.00377	0.0113	0.00377	0.00754	0.0151	0.0151	0.0113	0	0.0151	0.0151	0.0264	0.0113	0.0113	0.00377	0.00377	0.0189	0.0189	0.1
Quadrisphaera	0.0189	0.0981	0.0603	0.0566	0.0528	0.049	0.0641	0.0717	0.0339	0.0339	0.0679	0.0528	0.0566	0.049	0.0453	0.0226	0.0377	0.0264	0.00377	0.00754	0.0415	0.0113	0.0151	0.00754	0	0	0.0151	0.00754	0.0264	0.0226	0.00754	0.0377	0	0.0717	0.0867	0	0.0415	0.0339	0.0189	0.1
Exiguobacterium	0.456	0.456	0.479	0.407	0.89	1.35	1.29	1.43	1.32	1.59	1.18	1.24	0.954	0.958	0.826	0.83	0.777	0.894	0.63	0.0302	0.049	0.0189	0.0302	0.0226	0.0377	0.0113	0.0339	0.0189	0.0528	0.0717	0.0603	0.0453	0.0151	0.109	0.0717	0.00754	0.00377	0.0339	5.55	0.1
Pseudoxanthomonas	0.14	0.185	0.109	0.136	0.0867	0.0867	0.117	0.0754	0.049	0.083	0.113	0.0679	0.0603	0.0792	0.0603	0.0717	0.0679	0.0302	0.0339	0.0415	0.0717	0.0717	0.121	0.155	0.234	0.189	0.0302	0.0943	0.0754	0.106	0.0566	0.0113	0.173	0.0151	0.0339	0.249	0.155	0.0113	0.0302	0.1
Psychrobacter	0.668	0.411	0.694	0.766	1.3	2.37	1.6	1.91	3.03	1.98	1.39	1.54	1.83	1.71	1.15	1.4	1.29	0.89	0.585	0.223	0.196	0.226	0.166	0.166	0.0981	0.049	0.0528	0.0566	0.143	0.00754	0.0566	0.347	0.00754	0.796	0.411	0.00377	0.00377	2.41	5.44	0.1
Cytophaga	0.0641	0.0226	0.00754	0.00754	0.0151	0	0.00377	0.00754	0.00377	0.00377	0.00377	0.00377	0.0113	0.00377	0.00377	0	0.0226	0.0302	0.0679	0.0151	0.0226	0.0339	0.0302	0.0151	0.0603	0.0453	0.0113	0.0226	0.0189	0.00754	0.471	0	0	0	0.00377	0	0	0	0	0.1
possible_genus_04	0.0151	0.00754	0	0.00754	0.00754	0.00754	0.0226	0.00377	0.00754	0	0	0	0	0.00377	0	0	0	0	0	0	0	0	0	0	0	0	0	0	0	0	0	0.0113	0.0189	0.0189	0.0113	0.124	0	0.113	0.0113	0.1
Nitrosospira	0.0754	0.0302	0.0151	0.0226	0.0264	0.0189	0.0226	0.0113	0.0113	0.00754	0.0151	0.0189	0.00754	0.0151	0.00377	0.0113	0.00754	0.00377	0	0.00754	0.00377	0.00377	0	0.00377	0.00377	0.0113	0.0113	0.0377	0.162	0.0226	0.0453	0.358	0.585	0.124	0.121	0.0264	0.0603	1.32	0.0415	0.1
Hymenobacter	0.0113	0	0.00754	0	0.00377	0.00377	0.0189	0.0113	0.0189	0.0151	0.0113	0.00377	0.00377	0.00377	0.0264	0.00377	0.0226	0.0189	0	0.00377	0.00754	0.00754	0	0.00377	0	0.00377	0.0151	0	0	0	0	0.0226	0.00377	0.0453	0.0189	0	0	0	0.0151	0.1
Agrococcus	0.185	0.611	0.437	0.46	0.528	0.49	0.686	0.551	0.536	0.513	0.675	0.585	0.626	0.592	0.494	0.426	0.6	0.551	0.449	0.173	0.234	0.147	0.158	0.0981	0.143	0.136	0.189	0.189	0.305	0.192	0.136	0.196	0.00754	0.668	0.4	0.00377	0.196	0.124	0.43	0.1
Actinotalea	0.0113	0.0415	0.0189	0.0339	0.0189	0.0377	0.0151	0.0377	0.0151	0.0189	0.0226	0.0226	0.0264	0.0339	0.0226	0.0226	0.0264	0.0339	0.0415	0.109	0.147	0.143	0.113	0.083	0.0754	0.0377	0.0754	0.0603	0.0754	0.0717	0.0415	0	0	0	0.00754	0	0	0	0.0377	0.1
Modestobacter	0.00377	0.0528	0.0226	0.0528	0.0189	0.0264	0.0151	0.0151	0.0264	0.0226	0.0226	0.0189	0.0603	0.0377	0.0377	0.0151	0.00377	0.00754	0.00377	0	0	0.00377	0	0	0	0	0	0	0	0	0.0113	0.0189	0	0.0189	0.0151	0.00377	0	0.00754	0.00754	0.1
Sporichthya	0.0226	0.00754	0.00754	0.00377	0.00754	0.00377	0.0113	0.0189	0.00754	0.00377	0.0113	0.00754	0	0	0.00377	0.00754	0	0	0	0	0	0	0	0.00754	0	0.00377	0.00754	0	0	0	0	0.0641	0.083	0.0377	0.0679	0.0113	0.0943	0.155	0.0151	0.1
Illumatobacter	0.0264	0.0226	0.0264	0.0226	0.0226	0.0264	0.0113	0.0226	0.00754	0.00377	0.0189	0.00754	0.00754	0.0264	0.0113	0.00377	0.0151	0.00377	0	0.00377	0.00377	0.0113	0.0189	0.0113	0	0.00377	0	0	0.0189	0.00754	0.00377	0.0113	0	0.00754	0.0113	0	0.00754	0.0113	0.00377	0.1
Achromobacter	0.0264	0.0528	0.0302	0.0302	0.0339	0.0339	0.0415	0.0339	0.0264	0.0377	0.0302	0.0264	0.049	0.0339	0.0528	0.0641	0.0754	0.0566	0.0603	0.0641	0.0792	0.0641	0.0302	0.049	0.0566	0.0264	0.0566	0.0264	0.0905	0.173	0.0415	0	0	0.0113	0.00754	0	0	0.00377	0.0151	0.1
Pseudolabrys	0.0264	0.0151	0.0302	0.0226	0.0189	0.0151	0.00754	0	0.00377	0.0151	0.0113	0.0226	0.0151	0.0113	0.00754	0	0	0	0	0.00377	0.00377	0.0151	0.0151	0	0	0.00377	0	0	0	0	0	0.0339	0.0528	0.0264	0.0113	0.0339	0.0264	0.155	0	0.1
Geminicoccus	0	0.00377	0.0151	0.0189	0.0113	0.00754	0	0.0151	0.00377	0.00754	0.0264	0.0113	0.00754	0.0113	0.00377	0	0.0113	0	0.00754	0	0.00377	0	0	0	0	0.00377	0	0.00377	0.00377	0.00377	0.00377	0.0151	0.00754	0.0189	0.00377	0.00377	0.00377	0.00754	0.00377	0.1
Methylobacillus	0.0339	0.00754	0.00377	0.0113	0.0226	0.0113	0.0264	0	0.00754	0.00377	0.0151	0.00754	0	0	0.00377	0.00377	0.00377	0.00377	0	0	0.00377	0	0	0	0	0	0	0	0	0.0981	0.00754	0	0.00377	0.00377	0.00377	0.0264	0.00377	0	0.00754	0.1
Candidatus_Entotheonella	0.0151	0.00754	0.0189	0.00754	0.00377	0.00754	0.00377	0	0.00377	0	0.00377	0	0.00754	0.00754	0	0	0	0	0	0	0	0	0	0	0	0	0	0	0	0	0.00377	0.0226	0.0339	0.0641	0.0302	0.0603	0	0.00754	0	0.1
Bradyrhizobium	0.0151	0.0603	0.0226	0.0415	0.0189	0.0302	0.0151	0.0339	0.00754	0.0189	0.0415	0.0226	0.0151	0.0264	0.0151	0.0189	0.0226	0	0.0113	0.0113	0.00754	0.0113	0.0113	0.0151	0.0377	0.0226	0.0189	0.0189	0.0302	0.0151	0.0264	0.113	0.17	0.0754	0.0867	0.0981	0.189	0.0792	0.0113	0.1
Friedmanniella	0.00377	0.0113	0.0226	0.0226	0.0151	0.0302	0.0189	0.0264	0.0302	0.0264	0.0113	0.0151	0.0113	0.0189	0.0113	0.0113	0	0.00377	0.0113	0	0.00377	0.00377	0	0	0	0.00377	0.00377	0	0	0.00377	0	0.0226	0.0113	0.0151	0.0302	0.00377	0	0.0113	0.00377	0.1
Xanthomonas	0.0264	0.0867	0.0415	0.0453	0.00754	0.0264	0.0264	0.0339	0.0189	0.0226	0.0302	0.0113	0.0113	0.0189	0.0189	0.0113	0.00754	0.0113	0.0113	0.136	0.317	0.336	0.287	0.26	0.207	0.441	0.358	0.728	0.305	0.0641	0.302	0	0.00377	0	0	0	0	0.00377	0.00377	0.1
GKS98_freshwater_group	0.0113	0.0754	0.0377	0.0377	0.0113	0.0226	0.00754	0.0113	0.0189	0.0302	0.0189	0.0151	0.0113	0.0302	0.0377	0.0189	0.0189	0.00377	0.0151	0	0	0	0.00377	0	0.00377	0.00377	0	0.00377	0	0	0	0	0	0	0	0	0	0	0	0.1
Noviherbaspirillum	0.0754	0.0641	0.0339	0.0453	0.0377	0.0641	0.0453	0.0302	0.0415	0.0377	0.0339	0.0415	0.0566	0.0566	0.049	0.0603	0.0302	0.049	0.0603	0.0226	0.158	0.0867	0.0717	0.0943	0.0867	0.136	0.0415	0.0415	0.0377	0.0302	0.0754	0.0528	0	0.109	0.0867	0	0.0151	0.0641	0.0566	0.1
Roseimicrobium	0.0603	0.0151	0.0151	0.00377	0.0113	0	0.0113	0.0113	0.0151	0	0.00377	0.00754	0	0.00754	0.00377	0.00377	0	0	0	0	0.00377	0	0	0	0.00377	0.00377	0.0113	0.0226	0.00377	0.00377	0.0264	0.117	0.106	0.0566	0.0641	0.147	0.173	0.0339	0.0151	0.1
Candidatus_Methylacidiphilum	0.00754	0.181	0.106	0.0679	0.0717	0.117	0.0905	0.0415	0.0415	0.0717	0.0566	0.0679	0.0302	0.0641	0.049	0.0453	0.0264	0.0226	0.0113	0.00377	0	0	0	0	0	0	0	0.00377	0	0.00377	0	0	0.0189	0.0113	0.00754	0	0	0	0	0.1
Lautropia	0.0151	0.0415	0.0339	0.0377	0.0264	0.0264	0.0415	0.0302	0.0189	0.0189	0.0528	0.0151	0.0113	0.0339	0.0189	0.0226	0.0113	0.0151	0.0113	0.00754	0.0189	0.00754	0.0453	0.00377	0.0113	0.0415	0.0264	0.0566	0.0377	0.0264	0.0189	0.0151	0	0.0377	0.0151	0	0.00754	0.0415	0.0113	0.1
Sanguibacter	0.00754	0.0189	0.0151	0.0264	0.0754	0.113	0.0641	0.0264	0.0377	0.00754	0.0415	0.049	0.0377	0.0302	0.0264	0.0264	0.0302	0.0113	0.0226	0.00377	0.00377	0	0.0113	0.00377	0.00754	0.00377	0.0151	0	0.00754	0.0113	0.00377	0.00377	0	0	0	0	0	0.00377	0.502	0.1
OM27_clade	0.0226	0.0189	0.0113	0.0189	0.0226	0.0226	0.0113	0.00377	0.00754	0.0113	0.0113	0.0151	0.0151	0.0113	0	0.00377	0.00754	0	0.00377	0.00377	0	0	0	0	0.00754	0.00377	0.0151	0.00754	0.0113	0	0	0.0113	0	0.0113	0.0113	0.0151	0	0.00377	0.00377	0.1
Simiduia	0	0.0113	0.0113	0.00754	0.0113	0	0.00377	0.00377	0	0.00377	0.00754	0	0	0	0	0.00377	0.00377	0	0.00377	0	0	0	0.0113	0.102	0.14	0.00377	0.0189	0.049	0.0867	0.102	0.0905	0	0	0	0	0	0	0	0	0.1
Shinella	0.0302	0.0339	0.0189	0.0151	0.0377	0.0339	0.049	0.0339	0.0226	0.0189	0.0377	0.0415	0.0264	0.0189	0.0377	0.0264	0.0302	0.0264	0.0339	0.0981	0.0943	0.109	0.155	0.0792	0.109	0.0867	0.121	0.083	0.102	0.121	0.132	0.00754	0.0113	0.00754	0.0113	0	0.0415	0.049	0.0415	0.1
Methylobacterium	0.0189	0.0302	0.0189	0.0377	0.0226	0.0113	0.0377	0.0189	0	0.0264	0.0302	0.0189	0.0415	0.0151	0.0302	0.00377	0.0151	0	0	0.00377	0.00377	0	0.00377	0.00754	0.0151	0.00754	0.00377	0.0226	0.00377	0.0415	0.0226	0	0.00377	0.0113	0.158	0.00377	0	0.0113	0.0113	0.1
Variovorax	0.0302	0.0302	0.0302	0.0151	0.0264	0.0151	0.0189	0.0264	0.0226	0.0151	0.0264	0.00754	0.00377	0.0151	0.00754	0.0302	0	0.00754	0.0113	0.00377	0.00377	0	0.00377	0	0.00377	0.00377	0.00377	0.00377	0	0.00754	0.0151	0.147	0.0566	0.113	0.0792	0.00754	0.245	0.049	0.0113	0.1
Rhodoplanes	0.0415	0.0377	0.0189	0.0264	0.00754	0.0189	0.0113	0.0151	0.0113	0.0113	0.00377	0.00754	0.0113	0.0189	0.00377	0.00377	0.00754	0	0.00377	0	0.00377	0	0	0	0	0	0	0	0	0	0	0.0453	0.049	0.0264	0.0453	0.0377	0.00754	0.0226	0	0.1
Parafilimonas	0.0264	0.0151	0.0113	0.0113	0.00754	0.00377	0.0113	0.00377	0	0.0113	0	0.0189	0.00377	0.0113	0	0	0.0189	0.0151	0.00754	0	0.0113	0.00754	0.00754	0.0226	0.0113	0.0151	0.0226	0.0226	0.0151	0	0.0151	0	0	0	0	0	0	0.00377	0	0.1
SM1A02	0	0.00377	0	0	0.00754	0	0	0.00377	0	0.00754	0.00754	0	0	0.00377	0.00377	0.00377	0.00377	0.00377	0	0	0	0.00377	0	0	0	0	0	0	0	0	0	0.0339	0.0943	0.00377	0.0453	0.00377	0.0264	0.0113	0	0.1
Polynucleobacter	0.0189	0.083	0.0415	0.0453	0.0226	0.00754	0.00754	0.0302	0.0189	0.0151	0.0339	0.0264	0.0226	0.0151	0.0264	0.0264	0.0151	0.00754	0.00754	0	0	0.00377	0	0	0	0	0	0	0	0	0	0	0	0	0	0	0	0	0	0.1
Pelagibacterium	0.00377	0.0113	0.00377	0.00377	0	0.00377	0.00754	0.00754	0.00377	0	0	0.00754	0	0.00377	0.00377	0	0.00377	0.00377	0	0.0113	0.0377	0.0339	0.0113	0.0226	0.0151	0	0.0189	0.0377	0.0226	0.0302	0.0189	0.00754	0	0.00377	0.00377	0	0	0.00754	0.0151	0.1
Rhodobacter	0.0264	0.0189	0.0264	0.0189	0.0377	0.00754	0.0302	0.0226	0.0113	0.0339	0.0151	0.0264	0.0339	0.0113	0.0151	0.0113	0.0189	0.0226	0.0226	0.00754	0.0189	0.0151	0	0	0.0113	0	0.00377	0	0	0.00377	0.00377	0.00377	0	0	0	0	0.00754	0.00377	0.00754	0.1
Oscillochloris	0.0528	0.0453	0.0302	0.0189	0.0302	0.0113	0.0264	0.0151	0.00754	0.00377	0.0226	0.0113	0.0189	0.0113	0.00377	0.00377	0.00754	0.0113	0.00377	0.00377	0.00377	0.00754	0.00377	0.0113	0	0.0151	0.0151	0.0113	0.00754	0.00377	0.00377	0.709	0.0566	0.422	0.453	0.00754	0.29	0.158	0.336	0.1
Thermomonas	0.00754	0.00754	0	0.00754	0.0113	0.0113	0	0.00754	0.00377	0	0.00377	0.00377	0	0.00377	0.00377	0	0	0.00754	0.00377	0.00754	0.0226	0.0377	0.0603	0.049	0.083	0.0528	0.0528	0.0415	0.0302	0.102	0.0264	0	0	0.00377	0.00377	0	0.00377	0.00377	0.00754	0.1
Mucilaginibacter	0.155	0.0603	0.0189	0.0189	0.0113	0.0151	0.0151	0.0113	0.00377	0.0151	0.0377	0.0302	0.0189	0.0302	0.00754	0.0151	0	0	0.00754	0	0.00377	0.00377	0	0	0	0.00377	0.00754	0.00377	0	0	0.00377	0.0189	0.0905	0.0377	0.0264	0.0339	0.619	0.113	0	0.1
Truepera	0.0189	0.0226	0.0264	0.0226	0.0151	0.0189	0.00754	0.0264	0.00377	0.0264	0.00754	0.0113	0.00754	0.0151	0.0113	0	0.0189	0	0	0.00377	0.00377	0	0	0	0.00377	0.00377	0.00377	0.00754	0.00377	0.0113	0	0.00754	0	0.0339	0.0113	0	0	0.0226	0.0377	0.1
Ornithinimicrobium	0.0113	0.132	0.136	0.136	0.151	0.136	0.14	0.143	0.121	0.106	0.155	0.128	0.132	0.147	0.0867	0.132	0.113	0.0943	0.0641	0.0151	0.0641	0.0339	0.0377	0.0151	0.0264	0.0302	0.0339	0.0339	0.0566	0.0189	0.0151	0.00377	0.00377	0.00754	0.00754	0	0	0.0113	0.0339	0.1
Olivibacter	0.0528	0.0226	0.00754	0.0151	0.0264	0.0113	0.0113	0	0.00754	0.0339	0.00377	0.0113	0.00377	0.00754	0.0113	0.0151	0.0151	0	0.00377	0	0	0	0	0.0113	0	0.00377	0.0151	0.0151	0.185	0.0453	0	0	0	0	0.00377	0	0	0	0	0.1
Sorangium	0.00754	0.0302	0.0339	0.0302	0.0113	0.00754	0.0226	0.0113	0.0151	0.00754	0.0113	0.0113	0.00754	0.0189	0.0226	0.00754	0.00754	0.00377	0.00377	0	0.00754	0	0	0	0	0.00754	0.00754	0	0	0	0	0	0.0264	0.0189	0.00377	0.0603	0	0.0264	0.00754	0.1
Asteroleplasma	0	0	0	0	0	0	0	0	0	0	0	0	0	0	0	0	0	0	0	0	0	0	0	0	0	0	0	0	0	0	0	0.049	0.0679	0.0264	0.0264	0.0302	0.0943	0.00377	0	0.1
Algoriphagus	0.0943	0.00754	0.0339	0.0377	0.0189	0.0264	0	0.00754	0	0.0113	0.00754	0.00754	0.00754	0.00377	0.00754	0	0	0.0113	0.0151	0.0113	0.0302	0.0189	0.0339	0.0226	0.0151	0.0151	0.0189	0.0339	0.0302	0.0151	0.0226	0.00377	0	0	0	0.00754	0	0.0264	0.00377	0.1
Kineococcus	0.00754	0.00754	0.0151	0.00377	0.0226	0.0264	0.0113	0.00377	0.0151	0.0113	0.0151	0.0113	0.0113	0.0189	0.00377	0	0.00377	0.0113	0.0113	0	0.00377	0	0	0	0	0.00377	0	0.00377	0.00377	0	0	0	0	0	0.0113	0	0	0	0	0.1
Larkinella	0.0377	0.0302	0.00754	0.00754	0.0151	0.0264	0.0189	0.0113	0.0113	0.0189	0.0151	0.0189	0.00377	0.00377	0.0226	0.0226	0.0151	0.0113	0.00754	0.0189	0.0339	0.0226	0.0453	0.0113	0.0189	0.0264	0.0151	0.0113	0.0302	0.0113	0.0113	0.00754	0.0415	0.0226	0.00377	0.0151	0.69	0.0151	0.00754	0.1
Cupriavidus	0.00754	0.00377	0.0226	0.00754	0.0151	0.00377	0.00754	0.0189	0.0113	0.0151	0.0151	0.00754	0.00754	0.00377	0.0302	0.0151	0.00754	0.0151	0.0264	0.0226	0.0603	0.0189	0.0113	0.00377	0.00377	0	0	0.0113	0.0226	0.0151	0	0.00377	0	0.00377	0.0264	0.00377	0.00377	0	0.00754	0.1
Dietzia	0.00754	0.0113	0.0151	0.0377	0.0189	0.0339	0.0339	0.0113	0.0264	0.049	0.0302	0.0151	0.0151	0.0377	0.0339	0.0377	0.0603	0.0415	0.0226	0.0113	0.0151	0	0.00377	0.00754	0.0151	0.00754	0.00377	0	0.0151	0	0	0	0	0.00377	0	0	0	0	0.00754	0.1
Aquipuribacter	0.00754	0.0339	0.0339	0.049	0.0339	0.0415	0.049	0.0528	0.0113	0.0264	0.0415	0.0302	0.0415	0.049	0.0415	0.0415	0.0302	0.00377	0.0151	0	0.00377	0.00377	0.0151	0.00377	0.00377	0.00377	0	0	0.00377	0	0.00754	0.0264	0	0.0226	0.0339	0	0	0	0.0151	0.1
Actinomycetospora	0.0339	0.0339	0.0264	0.0151	0.0226	0.0226	0.0415	0.0377	0.0226	0.0226	0.0113	0.00754	0.0113	0.0302	0.0113	0.00754	0.0189	0	0	0	0	0.00377	0.00377	0	0.00377	0	0.0113	0	0	0	0	0.00754	0	0	0.0226	0	0	0.0226	0	0.1
Acidovorax	0.0339	0.0453	0.0377	0.0151	0.0339	0.0113	0.0189	0.0226	0.00754	0.00754	0.0151	0.0151	0.0302	0.0113	0.00754	0.00377	0.0113	0	0.00377	0	0	0	0	0	0.00377	0	0	0	0	0	0	0.0113	0.0226	0.0151	0.0226	0.0717	0.0377	0.0377	0	0.1
Luteimonas	0.00377	0.0189	0.00377	0.00377	0.00377	0	0	0.00754	0.00377	0.00377	0	0.0113	0.00754	0.00377	0.00754	0.00377	0.0113	0	0.00377	0.00377	0.00377	0.00377	0.0113	0.00754	0.00377	0	0.0151	0.00754	0.00377	0.0113	0.00754	0.00754	0	0	0	0	0.00377	0	0	0.1
Azospirillum	0.00754	0.0226	0.0113	0.0151	0.0151	0.00754	0.00754	0.0189	0.00754	0.00377	0.0189	0.0113	0.0113	0.0113	0.0339	0.0226	0.0339	0.0113	0.0113	0	0	0	0	0.00377	0	0	0	0.00377	0	0.00377	0	0	0	0.00377	0.00377	0	0.00377	0.00377	0	0.1
Agromyces	0.0867	0.272	0.204	0.211	0.207	0.173	0.181	0.226	0.185	0.162	0.23	0.151	0.192	0.162	0.132	0.143	0.121	0.109	0.0943	0.0792	0.083	0.109	0.0867	0.0603	0.0528	0.0566	0.0679	0.083	0.136	0.102	0.132	0.366	0.373	0.343	0.449	0.332	0.302	0.124	0.0339	0.1
Fontimonas	0.0339	0.0339	0.0151	0.0151	0.0226	0.0151	0.0151	0	0.00754	0.0151	0.00754	0.0151	0.0151	0.00754	0.00754	0.00377	0	0	0	0	0	0	0.00377	0	0	0.00377	0.00377	0.0226	0.00377	0	0	0	0.00377	0	0	0	0	0.00377	0	0.1
Brachybacterium	0.0189	0.049	0.0377	0.0415	0.0302	0.0905	0.0415	0.0641	0.0339	0.0679	0.0792	0.0377	0.0339	0.0453	0.0302	0.0226	0.0264	0.0151	0.0226	0.00754	0	0.00377	0	0	0	0	0	0	0	0	0	0.00377	0	0	0	0	0	0.0113	0.0453	0.1
Comamonas	0.00754	0.0264	0.52	0.313	0.279	0.321	0.298	0.332	0.245	0.313	0.226	0.249	0.324	0.211	0.343	0.37	0.305	0.0302	0.049	0.158	0.253	0.302	0.17	0.215	0.287	0.0302	0.0226	0.00754	0.0377	0.121	0.00377	0.166	0.106	0.0566	0.0415	0.0339	0.166	0.0453	0.0113	0
Cohnella	0.0113	0.0189	0.0151	0.0151	0.0113	0.00754	0.00754	0.0189	0.0113	0.0189	0.0302	0.0264	0.0151	0.00754	0.0226	0.0151	0.00754	0.0679	0.124	0.596	0.645	0.17	0.109	0.219	0.124	0.17	0.0603	0.287	0.132	0.0226	0.0339	0.0113	0.0113	0	0	0.00377	0.00377	0.0226	0	0
Ralstonia	0.00754	0.0226	0.0264	0.0226	0.0189	0.0189	0.0151	0.0189	0.0528	0.0302	0.0189	0.0189	0.0264	0.0113	0.0113	0.0453	0.0189	0.0113	0.00754	0.0113	0.0151	0.0113	0.0151	0.0151	0.0151	0.0226	0.0151	0.0566	0.00754	0.0339	0	0.00754	0.0151	0.0151	0.0339	0.0302	0	0.0151	0	0
Crocinitomix	0.0415	0	0.00754	0.0189	0	0.0113	0.0113	0.00754	0.00377	0.00754	0.00754	0	0.00754	0.00754	0.00377	0.00754	0	0	0	0	0	0	0	0	0	0	0	0	0	0	0	0	0	0	0	0	0	0.0113	0	0
Coxiella	0	0	0	0	0	0.00377	0	0.00377	0	0.00377	0	0	0	0	0.00754	0	0.00377	0	0	0	0	0	0	0	0	0	0	0	0	0	0	0.0189	0.0943	0.0339	0.00754	0.0113	0.00377	0.0113	0.0113	0
Constrictibacter	0	0.0302	0.00377	0	0	0.0113	0.00754	0	0.00377	0	0.0113	0.00377	0.00377	0	0.00754	0	0.00754	0	0.00377	0	0.00377	0	0	0.00377	0	0.00377	0.00377	0.00377	0.00377	0	0	0.0151	0	0.0377	0.00377	0.00377	0.00377	0.00377	0.00754	0
Defluviicoccus	0.00377	0.00754	0.00754	0	0.0113	0.00377	0.0189	0.00377	0.00377	0.00754	0	0.00377	0	0	0	0.00754	0	0	0	0	0.00377	0	0.00377	0	0	0	0.00377	0	0.00377	0	0	0	0.00377	0	0	0.0151	0	0	0	0
Panacagrimonas	0.00377	0.00754	0.0151	0.00377	0.00754	0.00754	0.00754	0	0.00377	0.00377	0.00377	0.00377	0	0	0	0	0	0	0	0	0	0	0	0	0	0	0	0	0	0	0	0.00377	0	0	0.00754	0	0.00754	0.0302	0	0
Pantoea	0.385	0.324	0.2	0.192	0.305	2.01	0.355	0.264	0.275	0.294	0.279	0.279	0.223	0.223	0.287	0.294	0.185	0.143	0.14	0.0302	0.0226	0.0566	0.0453	0.0151	0.0415	0.0302	0.0189	0.0189	0.0226	0.815	0	0	0	0.00754	0.0113	0.00754	0.362	0.0151	0.275	0
Oligoflexus	0.0189	0	0.00377	0.00377	0.0113	0.0113	0.0264	0	0.00754	0	0.00377	0	0	0.0113	0.00377	0.00377	0.00377	0.00377	0	0	0	0	0	0	0	0	0	0.00377	0	0	0.00377	0	0.00377	0.00754	0	0	0	0.00754	0	0
Georgenia	0.0151	0.0792	0.0528	0.132	0.0641	0.0566	0.113	0.0528	0.083	0.0415	0.0792	0.083	0.0754	0.0905	0.0717	0.0792	0.0566	0.0641	0.0528	0.0528	0.0566	0.0453	0.0339	0.0189	0.0189	0.0415	0.0189	0.0189	0.106	0.0226	0.0264	0	0	0	0.00377	0	0	0.00377	0.0113	0
Parasegetibacter	0.102	0.0264	0.0151	0.0339	0.0603	0.0226	0.0226	0.00377	0.0113	0.0302	0.0189	0.0189	0.0189	0.00754	0.0226	0.00754	0.0415	0.0528	0.109	0.298	0.411	0.505	0.66	1.1	1.29	0.747	0.717	0.562	0.219	0.173	0.162	0.0339	0.0151	0.0226	0.0415	0.0151	0.0189	0.0603	0.0867	0
Domibacillus	0.377	0.298	0.241	0.223	0.317	0.298	0.309	0.321	0.223	0.272	0.404	0.238	0.272	0.215	0.226	0.219	0.253	0.622	0.536	0.0717	0.0377	0.0264	0.0415	0.0189	0.0226	0.0264	0.0415	0.0226	0.0377	0.00754	0.0113	0.0226	0.0302	0.0339	0.0226	0.00377	0.00377	0.0113	1.52	0
Phormidium	0.00754	0.0264	0.0226	0.00377	0.00754	0.0189	0.00377	0.00754	0.0113	0.00377	0.0113	0.0113	0.0189	0	0.0151	0.00377	0.0113	0.00377	0.00377	0	0	0	0.00377	0	0	0	0	0	0	0	0.00377	0	0	0.00377	0	0	0	0.00377	0.0453	0
Ensifer	0.0302	0.0377	0.049	0.0302	0.0339	0.0151	0.0264	0.0377	0.00754	0.0151	0.0339	0.0113	0.0113	0.0339	0.0339	0.0189	0	0	0.00754	0.0151	0.00754	0.00377	0.0113	0.00377	0.00377	0.0113	0.00377	0.00377	0.00377	0.0377	0.00754	0.0189	0.0377	0.0339	0.0264	0.00377	0.0377	0.00754	0.00377	0
Emticicia	0.0754	0.0264	0.0113	0.0377	0.0302	0.0151	0.0189	0	0.00754	0.00377	0.0113	0.00377	0.00377	0.00377	0.00377	0.00377	0	0	0.00377	0	0	0	0	0	0	0.00377	0	0	0	0	0	0.00377	0.0453	0	0.0189	0.0302	0.0339	0.109	0.00377	0
Ramlibacter	0.0339	0.0943	0.0453	0.0603	0.0302	0.0415	0.0377	0.0264	0.0264	0.0113	0.0226	0.0339	0.0226	0.0151	0.0226	0.0226	0.0151	0	0	0	0.00377	0	0	0	0.00754	0	0.00377	0.0113	0.00377	0.00377	0.00377	0.0226	0.219	0.0264	0.0415	0.2	0.0339	0.0339	0.0113	0
Staphylococcus	0.00754	0.0151	0.00754	0	0.00754	0.00377	0.00377	0.0226	0	0.00377	0.00754	0.00754	0.00754	0.0113	0	0.00754	0	0	0.00377	0	0.00377	0.00377	0	0	0	0	0	0	0	0	0.00377	0.00377	0	0	0	0.00754	0	0	0	0
Alkanindiges	0.2	0.128	0.181	0.189	0.147	0.241	0.189	0.366	0.505	0.641	0.603	0.879	1.54	1.55	2.41	3.28	3.79	2.05	1.95	10.6	1.21	0.652	0.52	0.554	0.532	0.204	0.204	0.192	0.275	0.0264	0.0717	0.00754	0.0151	0.0151	0	0.00377	0.0113	0.0151	0.00377	0
Sphingorhabdus	0.00754	0.0189	0.0339	0.0189	0.00754	0.0151	0.0113	0.00377	0.0189	0.00754	0.00377	0.00377	0.00754	0.00377	0.00377	0	0.00377	0.00754	0	0.00377	0	0	0	0	0	0	0	0	0	0	0	0	0	0	0	0	0	0	0	0
Anaeromyxobacter	0.00754	0.0226	0	0	0	0.00377	0.00377	0	0.00377	0	0.00377	0.00377	0	0	0	0	0	0	0	0	0	0.00377	0.0113	0.00754	0.0189	0.0264	0.0113	0.00754	0.00754	0.0151	0.0189	0.00377	0	0.00377	0.00377	0	0	0.00754	0	0
Aliihoeflea	0	0.0189	0.00377	0.0189	0	0.00754	0	0.0226	0	0	0.00754	0.00754	0.00377	0.00377	0.0113	0.0113	0.00754	0	0	0.00377	0	0.00377	0	0.00377	0	0.00377	0	0	0.00377	0	0.00377	0.00754	0.00377	0.0113	0.00377	0	0.00377	0.00754	0.0113	0
Aeromonas	0.00377	0.00754	0.00754	0.00377	0.00377	0	0.00377	0.00754	0.00377	0	0.00754	0.0151	0.00377	0.0151	0.00754	0.0113	0.00377	0.00377	0.00754	0	0	0	0	0	0	0	0	0	0	0	0	0	0	0	0	0	0	0	0	0
Verrucomicrobium	0.166	0.0302	0.0189	0.0264	0.0302	0.0189	0.0377	0.0302	0.00754	0.0189	0.0226	0.0189	0.0113	0.0189	0.0264	0.0189	0.00754	0.00377	0	0	0	0	0	0	0.00377	0.00754	0	0	0	0.00754	0.00377	0.0226	0.0679	0.0226	0.0264	0.0943	0.102	0.00377	0.00377	0
Synechococcus	0	0.0867	0.0226	0.0339	0.0302	0.0226	0.00377	0.0226	0.0302	0.0264	0.0339	0.0377	0.0113	0.0302	0.0528	0.0302	0.083	0.0113	0.0302	0.00754	0.00377	0.0189	0.00754	0.00377	0.0151	0.00377	0.00377	0	0.00377	0	0.00754	0	0	0	0.00377	0	0	0.00377	0	0
Thalassospira	0	0	0	0	0	0	0	0	0	0	0	0	0	0	0	0	0	0	0	0	0	0	0.0151	0.0189	0.0302	0.0415	0.0302	0.109	0.0754	0.0264	0.124	0	0	0	0	0	0	0	0	0
Aquabacterium	0.0189	0.0151	0.0151	0.0226	0.0189	0	0.00754	0.0377	0.0151	0.0113	0.0189	0	0.0113	0.0113	0.0113	0.00754	0.00754	0.0113	0.0113	0	0.00377	0.00377	0.0113	0.0113	0.0377	0.0453	0.00377	0.0151	0.00377	0	0.00377	0.00377	0	0	0.106	0	0.00377	0	0	0
Cesiribacter	0.0113	0.00754	0	0	0.0151	0.00377	0.00754	0	0.00377	0	0	0	0	0.00377	0.00377	0.0151	0	0	0	0.00754	0.00754	0.00377	0	0.00754	0.0151	0.00377	0	0	0	0	0.00377	0	0	0	0	0	0	0	0	0
Cellulosimicrobium	0.00377	0.0302	0.0264	0.0226	0.0339	0.0189	0.0113	0.0264	0.0189	0.0189	0.0302	0.0264	0.0339	0.0339	0.0226	0.00377	0.00754	0.0302	0.0113	0	0.00754	0.0189	0.0151	0	0	0.0151	0.00754	0.0264	0.0339	0.0189	0	0.0189	0	0.0226	0.00377	0	0.00377	0	0.00754	0
Reichenbachiella	0.0264	0	0	0	0	0.00377	0.00377	0.00377	0.00754	0	0	0	0.00377	0.00377	0.00377	0	0	0	0	0	0	0	0	0	0	0	0	0	0	0	0	0.0189	0.0566	0	0.00377	0.0226	0.00754	0.0302	0	0
Chlorochromatium	0.0264	0.0264	0.0151	0.0226	0	0.00377	0.00754	0.0151	0	0.00754	0.0113	0.00377	0	0.00377	0.00754	0.00377	0	0	0	0	0	0	0	0	0	0	0	0	0	0	0	0.00754	0	0	0.00377	0	0.00754	0.0189	0	0
Rhizomicrobium	0.0226	0.0113	0.00377	0.00754	0.00377	0.00754	0.00377	0.00377	0	0.00754	0.0113	0	0	0.00377	0.00754	0	0	0	0	0	0.00377	0.00377	0	0	0.00377	0.0264	0.0113	0.0339	0.177	0.0377	0.0679	0.00377	0.00377	0.00377	0.00377	0.0415	0.0113	0.0226	0	0
Schlesneria	0.0339	0.00377	0.00377	0.0189	0.00377	0	0	0	0	0	0.00377	0.00377	0	0	0	0	0	0	0	0.00377	0	0	0	0	0	0	0	0	0	0	0	0.0943	0.0377	0.0528	0.0151	0.00754	0.0226	0.0151	0.00377	0
Serratia	0.826	0.00377	0.0189	0.0113	0.00377	0.00377	0.00754	0	0	0.0189	0.0189	0.00754	0.0151	0.00754	0.00754	0.0151	0	0	0	0.00377	0.00377	0	0	0	0	0	0	0	0	0	0	0.00754	0.00377	0.0113	0.00377	0	0.264	0	0.00377	0
Candidatus_Solibacter	0.00754	0.00754	0.0151	0.00377	0.00377	0.00754	0.0151	0	0.00377	0.00377	0	0	0	0.00754	0.00377	0.00754	0	0.00377	0	0	0	0	0	0	0	0	0	0	0	0	0	0.00377	0.0226	0.0151	0.00754	0.00754	0.00377	0.0226	0	0
Rubritepida	0.00754	0.0151	0.00754	0.00377	0.00377	0.00377	0.00377	0	0	0.00377	0.00754	0.00377	0.00377	0	0.00377	0.0113	0.00377	0	0.00377	0	0.00754	0.0113	0	0.0113	0	0.00377	0.00377	0.00754	0.00754	0.00377	0	0.00754	0	0.0151	0.00377	0	0	0.00754	0	0
Kaistia	0.00754	0.00377	0.0113	0.00377	0.00377	0.00754	0.00754	0.00377	0	0.0113	0.00754	0.00377	0.00377	0.00377	0.00377	0	0.00377	0	0.00377	0.00377	0	0.00377	0	0.00754	0	0.00377	0	0	0.00377	0	0	0	0.0113	0	0.00754	0.0113	0.0226	0.0113	0.00377	0
Hirschia	0.0339	0.0189	0.00754	0.0339	0.0151	0.0151	0.00754	0.00377	0.0113	0.00754	0.0113	0.0339	0.00754	0.00377	0.0189	0.0113	0.00377	0.00754	0	0.00754	0	0.00754	0	0	0.0113	0.00377	0.0113	0.0189	0.00754	0.00377	0.00754	0.0113	0.0113	0.00377	0.00377	0.00377	0.0151	0.0453	0.00377	0
Microcoleus	0.0189	0.0113	0.0151	0.0226	0.0189	0.00754	0.00754	0.00377	0.00754	0.0151	0.00377	0.0113	0.0226	0.0151	0.0113	0.0151	0.0151	0	0	0	0	0	0	0	0	0	0	0	0	0	0	0	0	0	0	0	0	0.00377	0.0566	0
Kribbella	0.00754	0.0189	0.0151	0.0377	0.0151	0	0.0264	0.0151	0	0.0113	0	0.0151	0.0151	0.0113	0.0113	0.00377	0.00377	0	0	0	0	0	0	0	0	0	0	0	0.00377	0	0	0.0151	0	0.00754	0.0189	0	0.00754	0.00754	0	0
Hydrotalea	0.00754	0.0151	0	0.00377	0.00754	0	0.00377	0.00377	0.00754	0	0	0.00377	0.0113	0.00377	0.0113	0	0.00377	0.00377	0.00754	0	0	0	0	0.00754	0	0	0	0	0	0	0	0	0.00377	0	0.0377	0.0113	0.00377	0.00377	0	0
Micromonospora	0.00377	0.0226	0.0226	0.0113	0.0151	0.00377	0.0113	0.00754	0.0189	0.00754	0.0113	0.0189	0.00754	0.00377	0.0264	0.00377	0	0.00754	0	0	0	0	0.00377	0	0.0113	0.00377	0	0	0.00754	0.00377	0	0	0.00377	0	0.00377	0.0264	0.00754	0	0	0
Methylophilus	0.0943	0.0264	0.0264	0.0264	0.0226	0.0189	0.0151	0.0339	0.00754	0.0113	0.0264	0.0151	0.0151	0.0189	0.0226	0	0	0.00377	0.00377	0	0	0	0	0	0	0	0	0	0	0.0603	0.00754	0	0	0	0	0	0	0	0	0
Hydrogenophaga	0.0415	0.0302	0.0113	0.0339	0.0189	0.0189	0.0226	0.0151	0	0.00377	0.0113	0.00754	0.00377	0.0151	0.0151	0.0113	0	0	0.00377	0	0	0	0	0	0	0.00377	0.00377	0	0	0	0	0.00754	0.0189	0.0339	0.00377	0.0264	0.0151	0.0189	0	0
Moheibacter	0.0113	0.00377	0.00377	0.0151	0.00377	0	0.00377	0.0113	0	0	0	0	0.00377	0	0	0	0	0	0.0113	0.00377	0.00754	0.00377	0.00754	0.00754	0	0.00754	0.0113	0.0302	0.0151	0	0.00754	0	0	0	0	0	0	0	0.00377	0
Nitriliruptor	0.0226	0.0189	0.00754	0.0189	0.00377	0.0151	0.00377	0.0189	0.00377	0	0.0189	0.00377	0.0113	0.0151	0.00754	0.00377	0.00754	0.00377	0.00377	0	0	0.00377	0	0	0	0.00377	0.00377	0.0113	0.00754	0.0151	0.0264	0	0.00377	0	0.00754	0	0.00377	0.00377	0	0
Nitratireductor	0.00377	0.00377	0.0113	0.00377	0.00377	0.00754	0.00377	0	0.00377	0.0113	0.00377	0.00377	0.00754	0	0	0	0.00377	0	0.00377	0.00754	0.00754	0	0	0.0226	0.00754	0.00377	0.0151	0.0151	0	0.00377	0.0151	0.0151	0.00377	0.00377	0	0	0.00754	0.00754	0	0
Nitrobacter	0.0226	0.0151	0.0189	0.0302	0.0151	0.0113	0.0264	0.0264	0.0113	0.0113	0.0113	0.0151	0.00377	0.00377	0.0113	0.0113	0.0113	0	0.00377	0	0	0	0.00377	0.00377	0	0	0.00377	0.00377	0.0189	0	0.0189	0.106	0.196	0.132	0.177	0.147	0.0453	0.287	0.0415	0
Gordonia	0.0113	0.0377	0.0226	0.049	0.0339	0.0226	0.0189	0.0302	0.0264	0.0226	0.0189	0.0453	0.0264	0.0189	0.0113	0.0113	0.0302	0.0226	0.0113	0.0189	0.0113	0.00754	0.00377	0.0189	0.0189	0.0113	0.0113	0.0189	0.0226	0.0113	0.00377	0.00377	0	0.00754	0.00754	0	0	0.0113	0	0
Solimonas	0.0189	0.0189	0	0.00754	0.00754	0.00754	0	0.00754	0.00377	0	0.0113	0.00377	0.00754	0.00377	0.0151	0	0.00377	0	0	0	0	0	0	0	0	0	0	0	0	0	0	0	0	0	0	0	0	0	0	0
Shimazuella	0	0	0	0	0	0	0	0	0	0	0	0	0	0	0	0	0	0	0	0	0	0	0	0	0	0	0	0	0	0.00377	0	0	0.0151	0.00754	0.00754	0.0151	0	0	0	0
Asanoa	0	0	0.0113	0.00754	0.00377	0.00377	0.0113	0.00377	0.00377	0	0.00377	0.00377	0	0.00377	0	0	0.00377	0	0	0	0	0	0.00377	0	0	0	0	0	0	0	0	0	0	0	0	0	0	0.00377	0	0
Shewanella	0.00377	0.0226	0	0.00377	0.00377	0.00377	0.00754	0.00754	0	0.00377	0	0.00377	0	0.00754	0.00754	0.00754	0	0.00754	0.0151	0.00377	0	0	0	0	0	0	0	0	0	0	0	0	0	0	0	0	0	0	0	0
Azospira	0.0189	0.00377	0	0.00377	0	0	0.00377	0	0	0	0	0	0	0	0	0	0	0	0	0	0	0	0	0	0	0	0	0.00377	0	0	0	0	0	0	0.00377	0.00377	0	0.00377	0	0
Siphonobacter	0	0	0.00377	0	0.00377	0.00754	0	0	0	0	0.00377	0	0	0	0	0	0	0	0	0	0	0	0	0	0	0	0	0	0	0	0	0.00754	0	0	0	0	0	0	0.0264	0
Smaragdicoccus	0.0113	0.00754	0.00754	0	0.0113	0.00377	0	0.0113	0.0113	0.00754	0	0.00377	0	0.00754	0	0	0.00754	0.0113	0.0113	0.00754	0.00377	0.0113	0.0151	0.00377	0.0151	0	0.00377	0	0	0	0	0	0	0	0	0	0	0	0	0
Snowella	0	0	0.00377	0.00754	0.0113	0.00377	0	0	0	0.00377	0	0	0.00377	0	0.0113	0	0.0113	0	0.00754	0	0	0	0	0	0	0	0	0	0	0	0	0	0	0	0	0	0	0	0	0
Solibacillus	0.0453	0.0528	0.0264	0.0264	0.049	0.0339	0.0679	0.0603	0.0603	0.0377	0.0792	0.0867	0.083	0.0905	0.102	0.0905	0.0867	0.0189	0.0415	0	0.0189	0.00377	0	0.00754	0	0	0	0	0	0.00377	0	0	0	0	0	0.00377	0	0.00377	0.422	0
Azohydromonas	0.0339	0.0302	0.0226	0.049	0.0151	0.0603	0.0339	0.0151	0.0226	0.0302	0.0453	0.0302	0.0415	0.0415	0.0302	0.0151	0.0151	0.0113	0	0	0	0	0.00377	0	0	0	0.00377	0.00377	0	0	0	0.0226	0.049	0.0302	0.0603	0	0.0339	0.00377	0.00754	0
Singulisphaera	0.00754	0.00377	0.00377	0	0.0151	0	0.00754	0	0.00754	0.00377	0	0	0	0.00754	0	0	0	0.00377	0	0	0	0	0	0	0.00377	0.0113	0.00377	0.0113	0	0	0.00377	0	0.00377	0.00754	0	0.00377	0	0	0	0
Caenimonas	0.0189	0.0189	0.0151	0.0113	0.00377	0.00377	0.0113	0.00377	0	0.00377	0.0113	0	0.0151	0.00377	0.00377	0	0	0	0	0	0	0	0.00377	0	0	0	0	0.00377	0	0	0	0.00754	0.0453	0.00754	0.00377	0.0226	0.00754	0.00754	0	0
Camelimonas	0	0	0	0.00377	0.00377	0	0	0.00754	0	0	0	0	0	0.00377	0.00377	0	0	0	0	0.00377	0.00754	0.0113	0	0.00754	0.00377	0	0.00377	0.00377	0	0.00377	0.00754	0	0	0	0.00377	0.00377	0	0	0.00377	0
Mitsuaria	0.00754	0.00754	0	0	0	0	0	0	0	0	0.00377	0	0	0	0	0	0.00377	0	0	0	0	0	0	0	0	0	0	0	0	0	0	0	0	0	0.00377	0	0.0453	0.00377	0	0
Brochothrix	0	0	0.00754	0	0	0	0.0377	0	0.0113	0.00377	0.0113	0.00754	0	0.0151	0.00377	0	0	0	0	0	0	0	0	0	0	0	0	0	0	0	0	0	0	0	0	0	0	0	0	0
Candidatus_Aquirestis	0.00754	0.113	0.109	0.049	0.083	0.0641	0.0226	0.0339	0.0415	0.0717	0.0264	0.0528	0.0453	0.0302	0.0603	0.0603	0.049	0.0151	0.0113	0	0	0	0.00377	0	0	0	0	0.00377	0	0	0.00377	0	0	0	0	0	0	0	0	0
Candidatus_Chloroploca	0.00377	0.00377	0	0.0151	0.0113	0.0113	0	0	0	0	0.00754	0.00754	0	0.0151	0	0	0	0	0	0	0	0.00754	0	0	0.00377	0	0.00377	0.00377	0	0.00754	0	0	0	0.0113	0.00754	0	0	0.00377	0	0
Klebsiella	0.0226	0.0339	0.0113	0.0603	0.0302	0.0151	0.0377	0.0151	0.00754	0.0453	0.0377	0.0264	0.0226	0.0226	0.0264	0.0151	0.0453	0.0264	0.0151	0.00377	0.00754	0	0.00377	0.0113	0.0151	0	0.0113	0	0.0151	0.00754	0.00754	0	0	0	0	0	0	0	0	0
Rubidimonas	0.00754	0	0	0	0.00377	0.00377	0.00377	0.00377	0	0.00377	0.0113	0	0.00377	0	0.00377	0.00377	0	0	0.00377	0.00377	0.00754	0.00754	0.00754	0.00377	0	0.00377	0.00377	0.00754	0	0	0.0113	0	0	0.0113	0.0151	0	0	0	0	0
Salana	0.00377	0.00754	0.00377	0.0226	0.0226	0.0226	0.0302	0.0264	0	0.00754	0.00377	0.0226	0.0113	0.0226	0.0151	0.00754	0.0113	0.0189	0.0113	0.0113	0.0113	0.00754	0.00377	0.00754	0.00754	0.00754	0.0113	0	0.00754	0.00377	0	0.0226	0	0.0377	0.0226	0	0	0.00377	0.083	0
Kocuria	0.102	0.837	0.656	0.754	0.818	0.69	0.852	0.935	0.675	0.611	1.08	0.679	0.592	0.747	0.532	0.411	0.287	0.192	0.128	0.0113	0.0339	0.0226	0	0.0264	0.0264	0.0264	0.049	0.0113	0.0415	0.00754	0.0189	0.294	0.0113	0.547	0.396	0.0113	0.0226	0.0453	0.607	0
Bacteriovorax	0.0566	0.0151	0	0	0	0.00754	0.00377	0	0.00377	0	0	0.00377	0	0.00377	0	0.00377	0.00754	0.00377	0.00377	0	0.00754	0	0.0189	0.00377	0.00754	0.00377	0.00754	0.0264	0	0	0.0226	0	0	0	0	0	0	0	0	0
Micropruina	0	0.00377	0.00377	0.00754	0.00377	0.00377	0.00377	0.00377	0	0.00754	0.00377	0	0.00377	0	0	0.00754	0	0	0	0	0	0	0	0	0	0	0	0	0	0	0	0	0	0.0603	0.0264	0	0.00754	0.0189	0.0113	0
Sediminibacterium	0.00754	0.0113	0.0113	0.0113	0.00377	0.00377	0.00754	0.00754	0.0113	0	0.0113	0	0.00377	0.00377	0.0151	0	0	0	0	0	0	0	0	0	0	0	0	0	0	0	0	0	0	0	0	0	0	0	0	0
Salinimicrobium	0.00377	0.00377	0	0	0.00377	0	0.00377	0	0	0	0	0	0	0	0	0.00377	0	0	0.00754	0	0	0.00754	0.00377	0.00377	0	0	0	0.00754	0.00377	0	0	0	0	0	0	0	0	0	0	0
Salinibacterium	0.00754	0.0189	0.0302	0.0302	0.0264	0.0302	0.0189	0.0264	0.0189	0.0339	0.0113	0.00377	0.0151	0.0189	0.0151	0.0189	0.0113	0	0.0113	0.0113	0.0151	0.0151	0.0113	0.0113	0.0151	0.0302	0.0264	0.00754	0.0264	0.0151	0.0151	0	0.0264	0.0264	0.0189	0.0151	0.00377	0.0113	0.00377	0
Sandarakinorhabdus	0	0.0226	0.0151	0.0151	0.00754	0.0113	0.00377	0.00754	0	0.00754	0	0	0	0.00754	0.0113	0.00377	0	0	0.00377	0	0	0	0	0	0	0	0	0	0	0	0	0	0	0	0	0	0	0	0	0
Sandaracinus	0	0.00754	0	0.0113	0.00377	0	0.00377	0.00377	0	0	0	0	0	0	0	0	0	0.00377	0	0	0	0	0	0	0	0	0	0	0	0	0	0	0.00754	0	0	0.00377	0	0.00377	0	0
Marinoscillum	0.0113	0.00754	0.00377	0.0151	0.00377	0.00377	0	0.00377	0	0	0.00377	0	0	0.00377	0	0	0	0	0	0	0	0	0	0	0	0	0	0	0	0	0	0	0.00377	0	0.00377	0.00377	0	0	0	0
Marisediminicola	0.00754	0.0528	0.0264	0.0377	0.0189	0.0113	0.0151	0.0302	0.0226	0.0226	0.0377	0.0302	0.0226	0.0264	0.0189	0.0113	0.0151	0	0.0113	0.00377	0.0113	0	0	0	0	0.00377	0	0.00754	0.00377	0.00754	0	0.0189	0	0.0189	0.0302	0	0.00377	0.00377	0.0113	0
Actinoplanes	0	0.00377	0.0189	0.0113	0	0.00377	0.00377	0	0.00377	0.00377	0.0113	0.00377	0	0	0	0	0.00377	0	0.00754	0	0	0	0	0	0	0	0	0	0	0	0	0.0151	0.0226	0.0151	0.00377	0.00377	0.0189	0.00377	0.00377	0
Advenella	0	0.00377	0	0.00754	0	0	0.00754	0	0.00377	0.00754	0	0.00754	0.0113	0.0113	0	0.0151	0.00754	0.0113	0.00377	0.0226	0.00377	0.00377	0.00754	0	0.00377	0	0.00377	0	0	0.0264	0.00754	0	0	0.00377	0	0	0	0.00377	0.00754	0
Terrabacter	0.00377	0.0151	0.00754	0.0264	0.0226	0.0189	0.0189	0.00377	0.00754	0.0226	0.00377	0.0189	0	0.00754	0.0113	0.0151	0.00377	0.00377	0.00754	0	0.00377	0	0.00377	0.00377	0.00377	0	0	0	0	0	0	0	0	0.00377	0	0	0	0	0.00377	0
Leuconostoc	0	0	0	0.00377	0	0	0.00754	0.0151	0	0.00377	0.00754	0.0302	0	0.0151	0.00377	0	0.0113	0	0.00377	0	0	0.00377	0	0	0	0	0	0	0	0	0	0	0	0	0	0	0	0	0	0
Afipia	0	0.00377	0	0	0	0	0	0	0	0	0	0	0	0	0	0	0	0	0	0	0	0	0.00377	0	0	0	0	0.00377	0.0151	0.00754	0.00754	0	0	0	0	0	0	0	0	0
Terribacillus	0.0113	0	0.0151	0.0377	0.0264	0.0264	0.00754	0.0113	0.00377	0.00377	0.0113	0.0113	0.0151	0	0.00377	0.00754	0.00377	0.00377	0.00377	0	0	0	0	0	0.00377	0	0	0	0	0	0	0.0754	0.00754	0.0415	0.0339	0	0	0.00377	0	0
Acidobacteria_bacterium_WY67	0.0151	0.00754	0.00754	0.00377	0.00754	0.0151	0.00754	0.00377	0	0	0.00377	0.00754	0.00377	0.00754	0	0	0	0	0	0	0	0	0	0	0	0	0	0	0	0	0.00377	0.00377	0	0	0	0	0	0.0113	0	0
Longispora	0	0.00377	0.00377	0.00754	0	0	0	0.00377	0	0.00377	0.00377	0	0	0	0	0	0	0	0	0	0	0	0	0	0.00377	0	0	0	0	0	0	0.0151	0.00754	0.00377	0.0113	0	0	0.0151	0	0
unidentified_eubacterium_LD29	0.00377	0.0792	0.0226	0.0339	0.0264	0.0377	0.0113	0.00754	0.0189	0.0113	0.0189	0.0302	0.0264	0.0151	0.0113	0.0151	0.0302	0	0.0151	0	0.0151	0.00377	0	0	0	0	0	0	0.00754	0.00377	0.00377	0.00754	0	0.00377	0	0	0	0	0	0
AKYG587	0.0377	0	0.00377	0	0	0.00377	0	0	0	0	0.00377	0	0.00754	0	0	0	0	0.00377	0	0	0	0	0	0.00377	0	0.00377	0	0	0	0	0	0.0528	0	0.00377	0.00377	0	0.00754	0.189	0.0226	0
MWH-UniP1_aquatic_group	0	0.0113	0	0	0.00754	0.00377	0.00377	0.00377	0	0.00377	0	0.00377	0.00754	0	0.00377	0	0	0	0	0	0	0	0	0	0	0	0	0	0	0	0	0	0	0	0	0	0	0	0	0
Actinophytocola	0.00754	0.00754	0.00377	0.0226	0.0302	0.00377	0.0189	0.0113	0.00377	0.00377	0.0151	0.00377	0.0151	0.0113	0.00377	0.00754	0	0	0	0	0	0	0	0	0	0	0	0	0	0	0	0	0	0.00377	0.00377	0	0	0.00377	0	0
Limnobacter	0.0113	0.0151	0.00377	0.00377	0.0113	0.00377	0.0151	0.00377	0.00754	0.0113	0.0113	0.0113	0.00754	0.0151	0.00377	0.00377	0.0113	0.00754	0.00377	0.00377	0.0151	0.0189	0.0264	0.00377	0.0113	0.0189	0.0151	0.0302	0.00754	0.0113	0	0	0	0	0	0	0	0.0113	0.0189	0
Vogesella	0	0.00377	0	0.00377	0.00377	0	0	0	0	0	0.00377	0	0	0.00754	0.00754	0	0.00754	0.00377	0	0	0	0	0	0	0	0	0	0	0	0	0	0	0	0	0	0	0	0	0	0
Tahibacter	0	0.00377	0	0	0.00377	0.0113	0	0.0113	0	0	0.0113	0	0	0	0	0	0	0	0	0	0	0	0	0.00377	0	0	0	0	0	0	0	0.00377	0	0	0.00377	0	0	0.0566	0	0
Sphingosinicella	0	0	0	0.00754	0.00377	0	0	0.00377	0	0.00377	0	0	0.00754	0	0	0	0	0	0	0	0	0	0.00754	0	0	0	0	0	0	0	0	0.00377	0	0	0	0	0.00377	0.0189	0	0
Micrococcus	0	0	0.00754	0.0113	0	0.00377	0.00754	0.00377	0.00377	0.0113	0.00377	0	0.00377	0.00754	0.00377	0	0.00377	0	0	0	0.00377	0	0	0	0	0	0	0	0	0	0	0	0	0	0	0	0	0	0	0
Spirilliplanes	0	0.00754	0.00377	0.00377	0.00754	0.00377	0.00754	0.00377	0.00754	0	0.00754	0.00754	0	0.00754	0	0.00377	0	0.00377	0	0	0	0	0	0	0	0	0	0	0	0	0	0.00377	0	0	0	0.00377	0	0	0	0
Lacibacter	0.00754	0.00754	0.00377	0.0151	0.00377	0.00377	0.00754	0	0.00377	0	0	0.00377	0	0	0	0	0	0	0	0	0	0	0	0	0	0	0	0	0	0	0	0	0.00377	0	0.0113	0	0	0.00754	0	0
Arcobacter	0	0	0.00377	0.00377	0	0.00377	0.0113	0	0.0113	0	0	0.0113	0	0.00754	0.00754	0	0.00377	0	0.00377	0	0	0	0	0	0	0	0	0	0	0	0	0	0	0	0	0	0	0	0	0
Arenibacter	0	0	0	0	0	0	0.00754	0	0.00377	0	0.00377	0	0.00377	0	0	0.00377	0	0	0	0	0	0	0	0	0	0	0	0	0	0	0	0	0	0	0	0	0	0	0	0
Microcystis	0.00377	0.234	0.0679	0.0679	0.121	0.128	0.0905	0.0792	0.0867	0.0792	0.0453	0.0717	0.0528	0.0792	0.0754	0.0905	0.155	0.0264	0.0377	0.0226	0.00377	0.00754	0.00377	0.00754	0.0189	0	0	0	0.00377	0.00377	0.00377	0	0	0	0	0	0	0	0	0
Arcicella	0.00754	0.00377	0	0.00377	0	0.00754	0	0.00377	0	0	0.00377	0	0.00754	0	0.00377	0	0	0	0	0.00377	0.00754	0	0	0	0.00377	0	0.00377	0	0	0	0.00377	0.0113	0	0	0	0.00377	0.143	0.132	0.00377	0
Lentzea	0.00754	0.00754	0.00377	0.0113	0.00377	0	0.00377	0.00377	0	0.00377	0.00377	0.00377	0.00754	0.00754	0.00754	0	0	0	0	0	0	0.00377	0	0	0	0	0	0	0	0	0	0.0151	0	0.00377	0.0113	0.00377	0	0.00754	0.00377	0
Lechevalieria	0.0113	0.0113	0.0151	0	0.00754	0.0151	0.0113	0.0226	0.00754	0.0302	0.0264	0	0.0151	0.0113	0.0113	0.00377	0	0	0	0	0	0	0	0	0	0	0.00377	0	0	0	0	0.0339	0.0302	0.0226	0.0226	0	0.0113	0.0603	0.00377	0
Leucobacter	0.00377	0.00377	0	0.00377	0.00377	0.0151	0.0151	0.00754	0.00377	0.00377	0	0.00754	0.00754	0.0113	0.00377	0.00377	0.0226	0.00754	0.00754	0	0.00377	0.00377	0	0	0	0	0	0.00377	0.0151	0.0189	0.00377	0	0	0	0	0	0	0	0.0302	0
Subsaxibacter	0.00377	0	0.00377	0	0.00754	0	0	0.00377	0	0	0	0	0	0.00377	0	0.00754	0	0	0	0	0	0	0	0	0.00377	0.00377	0	0	0	0	0	0	0	0	0	0	0	0	0	0
Amaricoccus	0	0	0.00377	0	0	0.00377	0.00377	0	0	0	0.00754	0.00377	0.00377	0.00377	0	0	0	0	0	0	0.00377	0	0	0	0	0	0	0	0	0.00377	0	0.00377	0	0.0113	0.00754	0.00377	0.0113	0	0	0
Spirosoma	0.00754	0	0	0	0	0	0	0	0	0	0	0	0	0	0	0	0.00377	0	0	0	0	0.00754	0	0	0.0113	0	0.00377	0	0.00377	0	0	0.00377	0	0	0.00377	0	0	0	0	0
Methylophaga	0.0151	0.00377	0.00377	0	0.00377	0.00377	0.00377	0.00754	0.00377	0	0.00377	0	0.00377	0	0	0	0.00377	0	0	0	0	0	0	0	0	0	0	0	0.00377	0.0264	0	0	0	0	0	0	0	0	0	0
Sporocytophaga	0	0	0	0	0	0	0	0	0	0	0	0	0	0	0	0	0	0	0	0	0	0	0.00377	0.00754	0.00754	0.0226	0.0566	0.0226	0	0.00377	0.00754	0	0	0	0	0	0	0	0	0
Candidatus_Limnoluna	0.00377	0.00754	0	0.00754	0.00754	0.00377	0	0.00377	0	0	0.00754	0.00377	0	0	0.00377	0.0113	0	0	0	0	0	0	0	0	0	0	0	0	0	0	0	0	0	0	0	0	0	0	0	0
Persicitalea	0.00377	0	0	0.00377	0.00377	0	0.00377	0	0.00377	0.00377	0.00377	0	0.00377	0	0.00377	0	0.00377	0.0151	0.00754	0.00377	0.00754	0.0264	0.00377	0.00754	0.0113	0.0226	0.0151	0.0189	0	0.00377	0.0113	0.0264	0	0.0113	0.0226	0	0.0226	0.215	0.0867	0
Dokdonella	0	0	0.00754	0.00377	0	0.00377	0.00377	0.00754	0	0.00754	0.00377	0	0	0.00377	0.00754	0.00754	0	0	0	0	0	0	0	0	0	0.00377	0.00377	0.00377	0	0	0	0	0.00377	0.00377	0	0	0.0113	0.0151	0.00377	0
Phaselicystis	0	0	0.00377	0	0.00377	0	0	0.00377	0	0	0	0	0.00377	0.00377	0	0	0	0	0	0	0	0	0	0	0	0	0	0	0	0	0	0	0.0264	0.0113	0	0.0113	0.0113	0	0	0
Hylemonella	0.00754	0.00754	0.00377	0	0	0.00377	0.0113	0.00377	0	0	0.00754	0.00377	0	0	0	0	0	0	0	0	0	0	0	0	0	0	0	0	0	0	0	0	0.00377	0	0	0	0.00377	0	0	0
Duganella	0.00377	0.14	0.00754	0.00377	0.00377	0	0.00377	0.00754	0.00754	0.00377	0.00377	0	0	0	0.00377	0.00377	0	0	0	0.00377	0	0	0	0	0	0	0	0	0	0	0	0	0	0	0	0	0	0	0	0
Nocardiopsis	0.00377	0.0226	0.0113	0.00377	0.00377	0.00377	0	0.00377	0.00754	0.00377	0.00754	0.0113	0.00377	0.00377	0	0	0.0151	0	0	0	0	0	0.00377	0	0	0	0	0	0.00377	0	0	0.00754	0	0.00377	0.00377	0	0	0	0	0
Pelomonas	0.0151	0.0189	0.0189	0.00754	0.0226	0.0189	0.00754	0.0113	0	0	0	0.00754	0	0	0	0	0.00377	0	0	0.00377	0.00377	0	0	0.00754	0	0.00377	0	0.00377	0.00377	0	0.00377	0.0226	0.0151	0.0113	0.0151	0.0226	0.0641	0.0415	0	0
Dongia	0.0113	0.00754	0	0	0	0	0	0.00377	0	0	0	0	0	0	0	0	0	0	0	0	0	0	0	0	0	0	0	0	0	0	0	0.00754	0.0377	0.00754	0.00377	0.00754	0.0302	0.0264	0	0
Delftia	0.00377	0	0.0264	0.00754	0.00754	0.00377	0	0.0113	0.0189	0.00377	0.00754	0.00754	0.0264	0.00377	0.0113	0.0113	0.0151	0.00377	0	0.0113	0.0113	0.0113	0.00754	0.00754	0.00754	0.00377	0	0	0	0.00377	0	0.00377	0	0.00377	0.00754	0.00377	0	0.0113	0	0
Demequina	0	0	0	0	0	0	0	0	0	0	0	0	0	0	0	0	0	0	0	0	0	0	0.00754	0.00754	0	0.00377	0.00377	0	0	0	0	0	0	0	0	0	0	0	0	0
Planomicrobium	0.0189	0.0264	0.0189	0.0226	0.0566	0.0377	0.0528	0.049	0.0603	0.0792	0.0566	0.0603	0.049	0.0189	0.0453	0.0377	0.0226	0.049	0.0264	0	0	0.00754	0	0	0	0	0	0.00754	0.00377	0	0	0	0	0.00377	0	0	0	0	0.313	0
Planktothrix	0	0.00377	0	0.00377	0	0	0	0	0	0	0	0.00377	0.00377	0	0.00377	0	0	0	0	0	0	0	0	0	0	0	0	0	0	0	0	0	0	0	0	0	0	0	0.0151	0
Janibacter	0.0113	0.0641	0.0264	0.0302	0.0415	0.0453	0.0302	0.0302	0.0717	0.0754	0.0717	0.0377	0.0754	0.0566	0.0415	0.0528	0.0792	0.0339	0.0189	0.0189	0.0377	0.0641	0.0339	0.0113	0.0679	0.0264	0.0339	0.0377	0.049	0.0226	0.0528	0.0981	0.0151	0.302	0.241	0.00754	0.181	0.0377	0.0981	0
Desertibacter	0	0.0189	0.00377	0.0113	0.00754	0.00754	0.00377	0	0.0151	0.0113	0.0264	0.00754	0.00754	0.00377	0.0113	0.0264	0	0	0	0	0	0	0	0	0	0	0	0	0	0	0.00377	0.00754	0.00754	0.0264	0.0302	0	0.0113	0	0.00754	0
Desemzia	0.00754	0.00377	0	0	0	0.0113	0	0	0.00377	0	0.00377	0.0113	0.00754	0	0	0.00377	0	0	0	0	0	0	0	0	0	0	0	0	0	0	0	0	0	0.00377	0	0	0	0	0	0
Phycicoccus	0.00377	0.0226	0.0113	0.00377	0.0113	0.00377	0.00377	0.0151	0.00377	0.0151	0.0113	0.00377	0.0113	0.0189	0.00377	0.00754	0.00754	0	0.00377	0.00377	0.0113	0.0151	0.00754	0	0.00377	0	0.0151	0.0113	0.0113	0.00754	0	0.0189	0.0113	0.0377	0.0302	0.00377	0.0792	0.00754	0	0
Ottowia	0.00377	0.0264	0.00754	0.0226	0.0151	0.0113	0.00377	0.00754	0.0151	0	0.00377	0.00377	0.0151	0.00754	0.00754	0.00754	0	0.00754	0.00377	0	0	0	0.0339	0.0151	0.0113	0.0226	0.0377	0.0189	0.0113	0.00377	0.0113	0	0	0	0	0	0.00754	0	0	0
Frigoribacterium	0	0.00377	0.00377	0.00377	0.00377	0.00377	0	0.00377	0.00754	0.00754	0.00754	0.00754	0.0113	0.00377	0.00377	0	0.00377	0.00377	0	0	0	0	0	0	0	0	0	0	0.00377	0	0	0	0.00377	0	0.00754	0	0.00377	0.00377	0.0113	0
Hahella	0	0.00377	0	0	0	0	0	0.00754	0	0	0	0	0	0	0	0	0	0.0113	0.0302	0	0	0	0.00377	0	0	0	0	0	0	0	0	0	0	0	0	0	0	0	0	0
Owenweeksia	0.00377	0.0226	0.0151	0.0113	0.0151	0.00377	0.00754	0.0113	0	0.0113	0.0151	0.0189	0.00754	0.00754	0.00377	0	0	0	0	0	0	0	0	0	0	0	0	0	0	0	0	0	0	0	0	0	0	0	0	0
Oceanobacillus	0.00377	0.00377	0.00377	0	0.00377	0.00377	0	0.00377	0.0113	0	0.00377	0	0.0113	0	0.00377	0.00377	0.00754	0	0	0	0	0	0	0	0	0	0	0	0	0	0	0	0.00377	0.00754	0	0	0	0.00754	0.0453	0
Glycomyces	0.0264	0.0415	0.0189	0.0339	0.0151	0.0151	0.0226	0.0151	0.0226	0.00754	0.0679	0.0226	0.0151	0.00754	0.00377	0.0113	0.0113	0	0	0	0	0.00377	0	0	0	0	0	0	0	0.00377	0	0	0	0.00377	0.0113	0	0	0	0	0
Fulvimarina	0	0.0189	0.00377	0.0151	0	0	0.00377	0.00754	0.00377	0.00377	0	0.00754	0	0	0.00754	0.0113	0.00377	0	0	0	0	0	0.00377	0	0	0	0.00377	0	0	0	0.00377	0.00754	0	0.0151	0	0	0.00754	0	0	0
Ornatilinea	0.00754	0	0	0.00377	0	0	0	0	0.00377	0.00377	0	0	0.00377	0	0	0	0	0	0	0	0	0	0	0	0	0	0	0	0	0	0	0.00377	0.0113	0	0	0.0189	0	0.0151	0	0
Epilithonimonas	0.0113	0	0.00377	0	0.00377	0.0189	0.00754	0	0.00754	0.00377	0.00377	0.00377	0.00754	0.0151	0.0113	0.0151	0.049	0.0264	0.0226	0.00754	0.0113	0.0189	0	0.00377	0	0.00754	0.109	0	0.00377	0	0	0	0	0	0	0	0	0	0	0
Ferrovibrio	0.0151	0.0151	0	0.00754	0	0	0	0.00377	0.00754	0.00377	0.00377	0.00377	0	0	0	0.00377	0	0	0.00377	0	0	0	0	0	0	0	0	0	0	0	0	0.00754	0.0113	0	0	0.0151	0.0113	0	0	0
Parvularcula	0.00377	0.00754	0.00377	0.00377	0	0	0.00377	0	0.00754	0.00377	0.00377	0	0	0	0	0	0	0	0.00377	0	0	0	0	0.00377	0	0	0	0	0	0	0	0.0679	0.0113	0.0415	0.0226	0	0.0151	0.0867	0.0377	0
Parapusillimonas	0.00377	0	0.00377	0.00377	0.00377	0.00377	0	0	0.00754	0	0	0	0	0	0.00377	0	0.00377	0.00377	0.00377	0.0339	0.219	0.29	0.14	0.155	0.128	0.128	0.339	0.339	0.596	0.0943	0.0867	0.00754	0.0113	0.0113	0.0189	0.00377	0	0	0	0
Halomonas	0.00377	0.00754	0	0.00754	0	0	0	0	0.00754	0.00377	0.00377	0	0.00377	0	0	0	0	0	0	0	0	0	0	0	0	0	0	0	0	0	0	0	0	0	0	0	0	0.00754	0	0
Paenisporosarcina	0.0151	0.00754	0.00377	0.00754	0	0.00754	0.00754	0.00377	0.0113	0.00754	0.00377	0.0151	0.0113	0.00754	0.0189	0	0.00377	0.0113	0.00754	0.00377	0.0113	0.00377	0	0	0	0	0	0	0.00377	0	0	0.00754	0	0.00377	0.00377	0	0	0	0.124	0
Filimonas	0	0	0	0	0	0	0	0.00377	0.00754	0	0.00754	0	0	0.00377	0	0	0	0	0	0	0	0	0	0	0.00377	0.00377	0	0	0.0151	0	0.00754	0.00377	0	0	0	0	0.00377	0.0189	0.00754	0
Herminiimonas	0.0264	0	0	0	0	0.00377	0	0	0	0	0	0	0	0.00377	0.00377	0	0	0	0	0	0	0	0	0	0.0113	0	0.00377	0	0	0	0	0	0	0	0	0	0.0113	0	0	0
Pleomorphomonas	0.00377	0.00377	0	0.00377	0.0113	0.00377	0.00754	0.00377	0	0	0.00754	0	0.00377	0	0	0.0113	0.00754	0	0.00377	0.00377	0	0.0113	0.0113	0.0113	0	0.00377	0.0113	0.00377	0.00754	0.00754	0	0.00754	0	0.00377	0.00377	0	0	0	0.00377	0
Myxococcus	0.0151	0.0377	0.0151	0.0113	0.0113	0.0189	0.0339	0.0189	0.0113	0	0.0226	0.0189	0.0151	0.00754	0.00754	0.00754	0	0	0.00377	0	0	0	0	0	0	0	0	0	0.00377	0	0	0	0	0	0	0	0	0	0	0
Rathayibacter	0.00377	0	0.0113	0.00377	0.0113	0.00377	0	0.00754	0.00754	0.0226	0.00377	0.00754	0	0.00377	0	0.00754	0	0.00754	0.00377	0	0.00754	0.00377	0	0	0	0	0.00377	0	0.00377	0	0.00377	0.00754	0.00377	0.0226	0.00754	0	0.00754	0	0.0151	0
Kitasatospora	0.0113	0.00377	0.0113	0.0189	0.0113	0	0.00754	0.0226	0.0113	0.00377	0.0189	0.0113	0.0113	0.0113	0.0113	0.00754	0.00754	0	0	0	0	0	0	0	0.00754	0	0	0.0151	0	0	0	0	0	0.0113	0.0113	0.0189	0	0.00754	0.00377	0
Muricoccus	0.00377	0.00377	0.00377	0.00754	0.00377	0.00377	0	0.00377	0	0	0.00377	0	0.00377	0.00754	0.00377	0.0113	0	0	0.00377	0	0	0.00754	0	0	0	0.00377	0	0	0	0	0	0	0	0.00377	0	0.00377	0	0	0.00377	0
Chloronema	0.00377	0.00754	0	0.00377	0.00754	0	0	0	0	0	0	0	0	0	0	0	0	0	0	0	0	0	0	0	0	0	0	0	0.00377	0	0	0.00377	0.00377	0.00377	0.0113	0	0	0	0	0
Pusillimonas	0.00754	0.00377	0	0	0	0	0	0.00377	0	0	0	0.00377	0	0	0.00377	0	0	0	0.00377	0.00377	0.00377	0.00377	0.0151	0.00754	0.00377	0	0.0453	0.049	0.0415	0.0189	0.00377	0	0	0.00377	0	0	0	0	0	0
Jeotgalibacillus	0	0	0	0	0	0	0	0	0	0.00377	0	0.00377	0	0	0.00377	0	0	0	0.00377	0	0	0	0	0.00377	0	0	0	0	0	0	0	0	0	0	0	0	0	0	0	0
Neochlamydia	0.0189	0.0113	0	0	0	0.0113	0	0.00377	0.00377	0	0	0.00377	0	0.00377	0.00377	0	0	0	0	0	0	0	0	0	0	0	0	0	0	0	0	0.00377	0.0339	0.00377	0.00377	0.00754	0.00377	0.00754	0.00377	0
Candidatus_Nitrosoarchaeum	0.0415	0.00377	0.00754	0.0189	0.00754	0.00377	0.00377	0	0.00377	0	0	0	0.00377	0	0	0	0.00377	0	0	0	0	0	0	0	0	0	0	0	0	0	0	0	0	0	0	0	0	0	0	0
Candidatus_Planktophila	0	0	0	0.00377	0.00754	0.00377	0.00377	0.0113	0	0	0.00377	0.00377	0.0113	0	0.00377	0.00377	0	0	0	0	0	0	0	0	0	0	0	0	0	0	0	0	0	0	0	0	0	0	0	0
Roseimaritima	0.00377	0.0151	0.0151	0.0113	0.0528	0.00754	0.00377	0.00754	0.00377	0.00377	0.0226	0.0264	0.00754	0.0226	0.00754	0.0189	0	0	0	0	0.0113	0.00377	0.00754	0.0264	0.0377	0.0226	0.0189	0.0339	0.0151	0.00754	0.0339	0	0	0	0	0	0	0.00377	0	0
Candidatus_Microthrix	0	0	0.00754	0	0	0	0	0	0.00377	0.00377	0	0	0	0.00754	0.00377	0	0	0	0	0	0	0	0	0	0	0	0	0	0	0	0.00377	0.00754	0	0	0	0	0	0.0151	0.00377	0
Moraxella	0	0	0	0.00377	0	0	0.00377	0	0.00377	0	0	0.00754	0	0.00754	0	0	0.00377	0.0113	0.00754	0	0	0.00377	0.00377	0	0.00377	0	0	0	0	0	0	0	0	0	0.00377	0	0	0	0	0
Rhizocola	0	0.00377	0.00377	0	0.00377	0	0	0.00377	0	0	0.00377	0.00377	0	0	0.00754	0	0	0.00377	0	0	0	0	0	0	0	0	0	0	0	0	0	0	0	0	0	0	0	0	0	0
Candidatus_Rhabdochlamydia	0	0	0.00377	0	0	0.00377	0.00377	0	0	0	0	0	0	0	0.00754	0.00377	0	0	0	0	0	0	0	0	0	0	0.00377	0	0.00377	0.00754	0	0	0	0.00377	0	0.00377	0	0	0	0
Carnobacterium	0.0151	0.00377	0.0113	0	0.00377	0.0189	0.00754	0.00754	0.00377	0.0189	0.0151	0.0113	0.0113	0.0189	0.00754	0.0113	0.0226	0	0	0	0.00377	0	0	0	0	0	0	0	0	0	0	0	0	0	0.00377	0	0	0	0.00754	0
Prosthecomicrobium	0.00754	0.00754	0.00754	0.00377	0	0	0	0	0.00754	0.00377	0	0	0	0	0	0	0	0	0	0	0	0	0	0	0	0.00377	0.00377	0	0	0	0	0.0226	0.00377	0.0189	0.0151	0	0.0226	0.00754	0.00377	0
Propionibacterium	0.00754	0	0.00754	0.00377	0	0	0.00377	0	0.0151	0.00377	0.00377	0.00377	0.00754	0.00377	0.00377	0.00754	0.00754	0.00754	0	0	0.0113	0.00377	0	0.00754	0	0.00377	0.00754	0	0	0.00377	0	0.00377	0.00377	0.00754	0.0226	0	0	0	0.00377	0
Pseudenhygromyxa	0.00377	0	0.00377	0	0.00377	0	0	0.00377	0.00377	0.00377	0	0	0.00377	0	0	0	0.00754	0	0	0	0	0	0	0.00377	0.00377	0.00377	0	0	0	0	0.00377	0.00377	0	0.00377	0.00754	0	0	0	0	0
Pseudarcicella	0.00754	0.0453	0.00754	0.0226	0.00377	0.0113	0.0226	0.00377	0.00754	0.00377	0.00754	0.0264	0.00754	0.0189	0.0113	0.0189	0.00377	0	0.00377	0	0	0	0	0	0	0	0	0	0	0	0	0	0	0	0	0	0	0	0	0
Cryobacterium	0.0226	0.00754	0	0.0113	0.00754	0.00754	0.00754	0.0189	0.0151	0.0113	0.00377	0.00377	0.00377	0	0.00377	0	0.00377	0.00754	0.00377	0	0	0.00754	0	0	0	0.00377	0.00377	0	0.00377	0	0.00377	0.0528	0	0.049	0.0302	0	0.487	0	0.0189	0
Curvibacter	0.0302	0.00754	0.00754	0.0151	0.0189	0.00377	0.0113	0.0113	0.00377	0	0.0113	0.00377	0	0.00377	0	0.00754	0.00754	0.0113	0.00377	0.00377	0	0.00754	0.0264	0.0151	0.0226	0.0226	0.0302	0.0113	0.0151	0.0113	0.0189	0.00754	0	0.00377	0.00377	0	0.0189	0.0226	0.00377	0
Promicromonospora	0.00754	0.0113	0.00754	0.0113	0.0151	0.0151	0.0113	0.0113	0.00754	0.00377	0.0113	0.0151	0.00377	0.00377	0.00377	0	0	0	0.00754	0	0	0	0	0	0	0	0	0	0.00377	0.00377	0	0	0.00377	0	0.0113	0	0.00377	0	0	0
Porphyrobacter	0.00377	0.00377	0.00754	0.00754	0.00377	0	0	0.00377	0	0	0.00377	0.0113	0.0151	0.0113	0	0.00377	0	0.00754	0	0	0	0	0	0	0	0	0	0	0	0	0	0	0.00754	0.00754	0	0	0.00377	0.00754	0.0151	0
Neorhizobium	0.00377	0.00377	0.00377	0.0302	0.00754	0.0113	0.0151	0	0.00377	0.0189	0.0189	0.0113	0	0.0113	0.00754	0.00377	0	0.00754	0.00377	0.0113	0.0226	0.0264	0.049	0.00754	0.0264	0	0.0226	0.0226	0.0226	0.0264	0.0264	0	0	0	0	0	0	0	0.00377	0
Niabella	0.0113	0.00754	0.00377	0	0.00754	0.00377	0	0	0.00377	0	0	0	0.00377	0	0.00377	0.0113	0.00377	0.00754	0.00754	0	0	0	0.0264	0	0	0.00377	0.00377	0	0.0226	0.00377	0.00754	0	0	0.00377	0.00377	0	0	0.0415	0.00377	0
Chryseomicrobium	0.00754	0	0	0	0.00377	0.00377	0.0113	0.0113	0.00754	0.0264	0.0113	0.0302	0.0264	0.0339	0.0415	0.0151	0.0339	0.0189	0.0528	0.0377	0.124	0.0339	0.0226	0.00377	0.049	0.0151	0.0113	0.0264	0.0264	0.00377	0	0	0	0	0	0	0	0	0.0189	0
Psychrobacillus	0.00377	0.0226	0.00754	0.0189	0.0113	0.0151	0.0264	0.0151	0	0.0113	0.00754	0.00754	0.00754	0.00754	0.00754	0.00754	0	0.00754	0.00754	0	0	0.00754	0.00377	0	0	0	0.00754	0	0	0	0	0.00754	0	0.00754	0	0	0.00377	0.00377	0.0528	0
Janthinobacterium	0	0.00377	0	0	0.00377	0	0	0	0	0.00377	0.00377	0.00377	0.00377	0	0	0	0	0	0	0	0	0	0	0	0	0	0	0	0	0	0	0	0	0	0	0	0.0981	0	0	0
Pseudoclavibacter	0.00377	0.00754	0.00377	0.00754	0.0226	0.0226	0.0113	0.00377	0.0339	0.0151	0.0264	0.0264	0.0189	0.0113	0.0113	0.00754	0.0302	0.0113	0.00754	0.00377	0.00377	0.00377	0	0	0	0.00377	0.00377	0	0	0	0	0	0.00377	0	0.00377	0	0	0.0113	0.287	0
Jatrophihabitans	0.00377	0.00377	0.00377	0	0	0.00377	0	0.00754	0.00754	0	0	0	0.00377	0	0	0	0	0.00377	0	0	0	0	0	0	0	0	0	0	0.00377	0	0	0	0.00754	0.00377	0	0.0113	0.00377	0.00377	0	0
Corallococcus	0	0.0151	0.0151	0.0113	0.0151	0.00377	0.0151	0.0151	0.0113	0	0.0113	0	0.00377	0.00377	0.00377	0.0113	0.0113	0.00754	0	0	0	0	0	0	0	0	0.00377	0	0	0	0.00377	0.00377	0	0	0	0.0151	0.00377	0	0	0
