#OTUID	A1	A2	A3	A4	A5	A6	A7	A8	A9	A10	A11	A12	A13	A14	A15	A16	A17	A18	A19	A20	A21
ASV1	15372	22464	11473	14588	18005	14345	25486	18434	24964	25825	12774	15121	17718	19572	27793	21240	23612	30062	16681	22340	22344
ASV2	6480	7071	7768	9132	8913	7252	5351	9286	5623	5313	4940	7149	4424	7297	3667	6580	4672	6	6488	7217	5601
ASV3	5701	4779	8191	6701	6054	6849	4105	5460	4662	7046	7540	6577	4677	5095	4897	6084	6934	13	6459	4876	6473
ASV4	4053	1966	3126	2212	1787	3609	3456	2588	2043	1386	3942	3445	2206	3470	3511	2567	4483	69	7506	4068	3480
ASV5	1909	2118	3043	2054	2315	2110	973	931	1207	674	2950	2467	1046	2111	789	1189	457	4	666	683	689
ASV6	1043	855	925	763	633	865	843	719	426	332	939	702	347	555	293	530	308	1	509	327	293
ASV10	796	481	676	460	417	652	385	410	393	540	656	431	223	366	356	613	245	1	321	294	211
ASV7	82	39	72	64	39	77	115	75	69	12	75	50	35	54	94	11	32	0	32	35	60
ASV9	734	868	758	966	680	786	840	1046	979	493	777	850	477	552	471	764	480	2	390	568	399
ASV8	327	407	2127	315	671	414	384	458	399	884	593	598	253	486	508	622	776	2	1268	504	1515
ASV11	5	201	28	96	59	2316	318	1727	258	126	832	701	278	606	219	191	286	0	586	381	2200
ASV12	1065	566	1167	1285	741	868	448	578	701	455	1413	802	159	967	286	677	126	0	336	536	329
ASV14	14	36	43	49	51	49	18	13	25	7	41	31	34	0	3	48	1	0	43	2	36
ASV13	107	39	36	34	22	74	36	4	81	10	17	24	51	66	59	12	119	0	17	181	27
ASV15	86	97	145	143	75	123	106	167	71	129	170	61	66	135	91	65	4	0	88	44	56
ASV21	508	303	625	409	388	425	117	137	243	161	600	340	83	359	122	240	126	0	65	91	35
ASV16	271	229	288	285	287	208	87	122	117	183	282	225	87	180	61	107	82	0	177	220	212
ASV17	21	8	78	43	0	95	9	34	28	34	7	60	0	6	0	0	0	0	1	0	0
ASV18	20	18	29	24	17	171	6	176	35	31	107	70	1	31	0	21	1	0	10	6	0
ASV19	374	251	414	388	225	410	287	168	363	127	324	272	257	165	132	203	154	0	181	95	138
ASV20	864	77	119	200	252	178	160	354	251	176	560	135	80	150	540	202	104	0	265	9	394
ASV22	101	23	90	82	48	131	75	18	97	27	77	65	35	227	80	73	426	0	30	10	0
ASV24	17	46	26	43	29	6	22	0	10	0	19	6	0	9	3	29	61	0	5	8	6
ASV37	0	0	0	0	0	0	0	0	0	0	0	0	0	0	0	0	0	0	0	0	0
ASV23	79	101	128	86	156	114	121	68	127	146	56	118	82	128	66	75	159	0	91	550	16
ASV51	33	51	55	49	240	44	20	35	26	203	61	79	12	100	5	20	19	0	0	23	14
ASV27	83	33	13	60	66	41	18	5	22	29	51	0	13	34	42	49	24	0	24	0	8
ASV26	9	12	20	19	12	2	1	0	5	8	1	0	8	0	0	1	0	0	0	0	0
ASV25	54	51	55	36	147	84	33	15	22	307	59	259	96	100	39	116	81	0	121	59	221
ASV1152	133	112	119	171	140	108	124	107	241	159	74	171	154	130	173	125	185	7	229	169	115
ASV32	0	0	0	2	13	2	9	0	6	5	1	2	1	9	0	141	0	0	8	1	0
ASV30	139	49	57	66	72	76	79	34	13	96	77	70	26	12	35	77	103	0	97	79	248
ASV28	143	75	34	61	95	37	25	31	108	114	215	116	73	157	45	402	14	2	56	78	34
ASV31	24	49	55	47	53	78	38	116	3	0	33	50	7	1	13	16	0	0	32	1	0
ASV33	16	17	31	22	22	7	0	12	43	9	21	77	0	39	15	0	1	0	18	16	9
ASV29	14	42	173	184	49	14	11	137	220	10	148	125	52	120	75	280	92	0	1	32	77
ASV36	174	111	148	219	123	114	60	118	134	69	305	108	57	115	55	116	152	0	122	233	121
ASV39	153	110	60	88	49	109	55	35	54	112	81	99	48	165	82	37	17	1	390	176	188
ASV34	3	10	5	4	0	0	10	0	0	0	0	0	0	0	0	0	0	0	0	0	0
ASV35	87	99	124	68	68	66	65	61	49	61	76	83	56	33	58	112	12	0	6	67	0
ASV38	87	16	56	38	47	51	201	64	126	34	105	132	113	71	1	0	349	0	584	16	43
ASV44	44	48	17	43	5	29	18	9	18	22	78	26	1	35	18	8	15	0	20	5	10
ASV59	0	0	17	0	0	1	1	0	11	25	2	4	603	1	0	10	1	2	15	5	0
ASV42	36	54	26	20	21	33	21	16	47	116	27	44	6	36	35	0	61	0	0	0	8
ASV41	185	14	153	108	86	119	71	31	55	29	119	87	31	105	25	152	35	0	155	94	37
ASV40	23	0	2	14	23	0	25	44	14	0	5	14	26	13	0	0	0	0	0	0	46
ASV45	25	108	72	8	241	73	74	69	35	81	64	46	18	63	104	0	107	0	29	95	27
ASV53	222	129	205	159	188	147	103	48	65	24	146	163	24	95	49	49	12	0	26	54	2
ASV43	1	21	14	6	10	7	5	21	0	9	8	12	0	7	1	47	0	0	16	903	8
ASV46	42	167	28	70	4	10	46	0	279	0	24	110	17	7	70	55	13	0	158	137	322
ASV50	23	72	64	40	74	89	57	14	15	18	68	135	50	49	67	171	124	0	77	69	1
ASV49	68	34	63	101	129	76	127	61	153	88	31	112	75	36	43	79	18	0	45	0	7
ASV55	54	31	42	25	207	58	14	15	4	50	57	18	3	23	30	122	0	0	11	73	7
ASV48	26	27	12	23	19	10	8	8	23	24	41	16	9	18	8	0	4	0	1	118	107
ASV47	30	94	17	26	68	49	1	19	48	91	26	105	0	44	0	78	0	0	7	55	36
ASV52	0	13	1	22	13	1	0	6	17	5	17	1	0	9	12	1	1672	0	0	0	1
ASV74	5	0	6	3	14	28	3	115	17	21	2	0	893	17	0	0	0	0	0	21	4
ASV56	65	20	60	72	66	23	29	14	74	6	60	57	21	42	22	38	15	0	75	180	21
ASV60	23	21	30	42	14	17	4	11	8	7	75	28	1	16	25	19	13	0	12	3	9
ASV84	4	12	36	18	79	30	19	29	6	69	0	19	14	16	5	2	6	0	2	5	5
ASV58	118	53	59	43	86	42	35	475	29	20	84	32	7	31	39	21	31	0	1	12	0
ASV57	73	45	147	23	20	74	48	193	26	0	44	13	41	53	28	0	15	0	14	15	30
ASV64	37	68	66	41	33	50	32	16	72	38	192	105	8	52	28	30	6	0	52	24	81
ASV63	6	0	0	0	0	0	0	2	7	0	0	0	0	4	0	0	0	0	0	0	0
ASV70	129	55	109	125	94	63	22	25	23	29	167	102	14	46	27	52	12	0	21	21	1
ASV91	0	0	1	0	5	0	0	0	5	6	0	0	94	0	0	8	3	68	2	0	0
ASV66	29	45	34	20	11	36	18	11	41	8	143	72	12	75	44	93	147	1	141	7	60
ASV61	60	36	34	23	67	15	20	17	4	0	24	16	0	20	8	0	34	0	0	32	37
ASV71	70	34	49	60	35	16	1	26	42	13	499	43	2	57	13	0	2	0	2	1	2
ASV68	76	45	62	63	64	68	17	21	30	30	162	54	11	63	19	51	30	0	49	45	25
ASV73	15	17	19	6	3	18	20	8	4	6	25	51	65	13	3	13	6	0	9	4	146
ASV72	74	36	27	76	26	64	44	28	56	23	94	51	13	49	42	39	66	0	10	16	0
ASV77	57	61	58	65	54	50	44	12	60	16	78	68	31	40	21	78	75	0	29	23	8
ASV87	0	0	0	0	0	0	0	0	0	0	0	0	351	0	0	0	0	0	0	0	13
ASV62	45	6	17	32	10	115	20	55	142	28	10	49	55	64	37	50	19	0	210	0	113
ASV67	0	0	2	0	0	0	0	4	0	0	0	0	0	0	0	0	0	0	8	0	0
ASV88	0	13	9	0	0	0	8	48	0	14	0	0	303	0	0	0	0	0	12	10	7
ASV69	61	35	44	48	23	41	7	10	86	153	25	47	24	22	36	0	35	0	29	52	3
ASV65	0	0	0	7	0	0	0	0	20	0	0	0	0	0	1	0	38	0	28	0	17
ASV76	78	148	26	167	11	19	12	41	104	35	21	54	12	7	1	48	45	0	16	0	44
ASV83	12	5	10	8	5	16	3	4	0	0	0	40	0	9	0	0	8	0	11	0	0
ASV156	30	17	471	20	50	8	5	14	33	12	40	49	7	28	26	19	24	0	50	29	57
ASV80	99	30	92	134	78	39	10	6	30	17	102	42	9	57	32	0	10	0	11	14	0
ASV85	13	4	7	24	7	0	1	0	18	0	0	0	2	0	0	0	0	0	0	7	0
ASV97	11	6	3	4	13	8	24	12	0	14	21	7	11	15	23	0	25	0	18	87	67
ASV78	49	31	0	0	7	54	3	10	0	56	0	0	0	0	0	0	0	0	0	0	0
ASV86	19	18	6	17	0	8	1	6	75	0	7	90	111	26	37	19	53	0	8	38	11
ASV82	0	0	0	0	0	0	0	0	0	0	0	0	0	6	0	0	0	0	0	0	0
ASV89	59	38	62	45	14	37	8	11	38	9	34	23	4	21	11	8	0	0	13	333	2
ASV92	91	38	92	63	64	25	17	33	63	12	63	20	5	45	21	8	10	0	2	8	8
ASV90	72	30	67	26	29	50	103	16	47	35	99	41	13	37	23	79	12	0	13	3	19
ASV81	21	0	11	23	0	5	0	30	23	16	16	8	42	11	0	26	16	0	9	0	1
ASV93	0	0	0	0	0	0	0	0	0	0	0	0	0	0	0	0	0	0	0	0	5
ASV102	93	37	67	54	31	62	11	16	18	8	86	75	4	40	9	50	0	0	7	0	13
ASV119	0	0	0	0	8	0	0	0	0	0	13	0	37	3	0	0	0	0	0	0	0
ASV137	40	20	29	37	27	24	6	14	24	15	87	152	0	57	1	32	0	0	11	5	1
ASV103	78	34	42	39	53	21	11	9	28	0	79	21	4	13	17	0	0	1	16	0	0
ASV94	14	4	8	7	45	9	11	1	7	12	8	113	6	2	4	21	1	0	97	38	11
ASV114	17	0	13	2	9	0	13	0	18	1	31	24	4	16	0	17	0	0	0	0	0
ASV109	10	9	25	61	25	27	3	11	44	0	28	31	24	13	13	0	6	0	10	83	0
ASV113	67	37	35	48	43	28	10	18	23	8	43	24	1	9	0	20	0	1	55	0	7
ASV99	95	40	55	59	59	42	24	23	35	19	49	39	14	62	0	16	29	0	6	47	0
ASV95	58	0	3	1	15	9	1	0	2	69	0	15	23	8	77	18	0	0	45	27	19
ASV98	0	12	98	36	5	22	15	16	0	35	6	23	175	13	14	0	15	0	32	0	43
ASV160	3	2	0	0	1	2	0	0	2	2	2	0	2	0	0	0	0	0	8	0	5
ASV112	0	0	9	0	5	1	0	170	0	5	1	3	166	20	6	15	14	0	0	0	12
ASV116	80	25	27	52	51	29	12	9	25	46	20	55	12	45	18	24	20	0	32	7	21
ASV115	38	0	19	30	25	5	17	134	27	0	50	0	32	0	71	0	34	0	0	0	1
ASV101	34	39	73	19	31	15	18	26	23	6	69	24	11	102	0	1	0	0	23	0	10
ASV107	28	18	15	41	1	28	0	80	24	0	18	32	0	6	47	0	17	0	15	3	4
ASV104	6	0	20	0	0	0	4	4	0	0	9	28	0	4	29	0	0	0	0	0	0
ASV96	0	16	0	0	0	51	0	0	0	14	4	0	26	0	71	0	0	0	8	0	0
ASV130	73	17	39	15	47	13	4	3	9	1	54	60	6	33	11	24	0	0	0	0	4
ASV199	0	0	0	7	0	21	15	24	0	0	0	0	111	19	9	0	27	0	24	23	45
ASV117	46	33	47	9	57	3	22	4	33	31	36	28	14	40	55	1	1	0	1	10	22
ASV151	4	490	55	0	16	10	1	0	4	1	3	3	2	20	0	0	0	0	4	0	3
ASV128	18	6	8	6	0	18	29	33	2	18	16	0	11	0	40	36	0	0	0	138	15
ASV105	0	0	29	0	0	0	0	46	0	0	0	0	0	0	49	0	0	0	16	0	0
ASV120	16	14	43	12	38	149	5	2	21	18	45	20	8	5	6	0	0	0	2	0	7
ASV124	35	24	24	21	47	40	16	0	19	5	19	18	6	51	14	30	15	0	0	0	7
ASV123	62	23	18	130	49	20	37	8	22	16	2	28	61	5	61	0	9	0	6	0	4
ASV111	5	8	10	15	12	0	22	63	0	32	21	9	34	33	0	33	42	0	65	15	4
ASV108	10	17	40	12	0	13	84	13	17	17	29	44	29	38	22	24	112	0	8	1	30
ASV163	1	0	4	0	0	0	0	15	0	26	9	0	319	0	0	0	0	1	0	0	0
ASV110	43	41	24	26	0	12	5	0	5	0	0	8	0	0	0	15	17	0	24	0	10
ASV161	0	0	7	0	0	0	0	130	5	0	0	0	198	6	0	0	0	0	0	0	0
ASV131	4	6	2	7	5	7	6	7	0	23	0	0	137	2	5	1	13	0	0	15	15
ASV118	14	0	13	25	15	8	5	6	0	2	47	8	3	8	0	1	0	0	0	0	0
ASV182	29	10	27	50	20	11	2	2	19	7	90	32	1	19	8	35	18	0	2	8	0
ASV136	2	1	0	2	1	1	0	0	2	0	0	0	0	0	0	0	0	0	0	1	0
ASV132	17	17	24	40	58	40	6	5	3	59	118	0	23	2	19	21	6	0	45	10	16
ASV139	23	6	17	28	136	1	21	0	17	4	24	17	6	7	14	19	0	0	198	0	0
ASV147	27	9	9	27	20	14	4	17	11	2	60	30	4	79	13	60	6	0	41	12	35
ASV174	1	0	0	0	0	0	0	0	0	0	0	0	0	0	0	0	0	0	0	0	0
ASV133	42	27	50	56	27	14	6	9	26	8	56	24	3	11	8	62	6	0	7	4	0
ASV127	30	4	5	5	9	0	0	25	0	0	16	4	11	34	0	75	0	0	8	0	0
ASV129	99	33	9	82	42	16	57	10	12	14	7	49	39	20	4	11	10	0	2	1	0
ASV125	12	2	0	11	19	3	23	7	1	2	38	28	0	2	8	67	10	0	0	6	11
ASV121	51	67	53	18	19	20	44	29	14	16	1	56	2	12	6	40	0	0	0	3	14
ASV1766	38	18	16	18	16	14	7	1	5	1	26	10	9	23	12	12	10	0	0	1	19
ASV183	0	0	0	0	0	0	0	0	0	0	0	0	0	0	0	0	0	0	0	0	0
ASV145	13	1	16	11	14	12	1	5	17	4	343	11	3	19	3	0	0	0	2	1	0
ASV122	0	0	12	0	0	0	0	0	0	0	0	0	1	0	0	0	2	2	0	0	0
ASV170	2	6	1	0	2	17	0	0	0	4	20	7	121	15	0	39	0	0	5	0	5
ASV540	1	1	3	3	25	2	2	2	5	15	0	7	1	1	1	0	2	0	1	2	0
ASV126	0	0	0	0	0	0	0	26	0	0	0	14	0	0	0	0	0	0	0	0	0
ASV175	0	2	4	4	8	2	0	2	0	14	2	2	0	1	3	0	0	0	0	1	0
ASV141	1	0	11	0	4	35	15	1	0	13	3	75	3	136	0	62	0	0	12	5	3
ASV158	6	6	30	9	1	9	20	7	4	8	4	2	2	14	0	0	0	0	0	0	1
ASV152	48	5	18	25	8	11	0	30	8	2	29	6	6	34	0	18	0	0	0	0	0
ASV149	31	27	24	42	46	18	18	8	7	7	79	21	6	12	13	25	11	0	5	51	8
ASV134	0	0	0	0	0	0	0	0	0	0	0	0	0	0	0	0	0	0	0	0	0
ASV140	0	0	0	0	0	0	0	0	0	0	0	0	0	0	0	0	0	0	0	0	0
ASV146	0	0	0	0	0	0	0	0	0	0	2	11	0	3	0	0	0	0	0	0	0
ASV148	10	0	3	7	22	5	2	26	70	4	35	0	19	9	147	50	0	0	56	0	9
ASV135	13	12	75	16	14	2	17	2	7	2	5	5	0	5	5	0	25	0	53	38	57
ASV153	64	2	11	39	7	22	19	6	0	40	25	32	11	55	17	16	0	0	21	8	0
ASV144	42	28	17	12	5	29	21	56	16	16	47	30	4	16	8	16	2	0	9	87	6
ASV138	40	13	44	32	3	52	6	10	24	18	50	24	0	27	19	0	15	0	31	0	0
ASV189	0	0	0	0	0	0	0	0	0	0	0	0	0	0	0	1	0	0	0	1	0
ASV150	6	0	20	8	1	6	0	5	8	91	0	36	49	14	0	0	0	0	19	0	0
ASV142	0	4	0	0	0	0	0	1	0	0	18	237	13	16	0	29	6	0	0	0	0
ASV154	10	15	15	7	0	8	1	206	20	1	14	0	5	3	4	8	6	0	3	0	0
ASV196	11	16	20	20	12	20	16	12	10	7	45	43	2	24	6	37	10	0	11	42	7
ASV177	13	10	9	18	9	21	75	20	16	10	0	9	23	6	41	8	26	0	16	9	22
ASV168	0	2	4	2	10	4	4	5	0	11	1	1	0	0	1	0	0	0	0	1	0
ASV157	6	24	2	1	0	15	18	5	0	0	35	45	3	9	1	14	14	0	0	0	0
ASV252	0	0	0	1	0	0	2	0	0	0	1	0	87	0	3	0	13	0	11	0	14
ASV180	32	8	28	42	49	12	4	3	9	5	78	29	1	34	22	8	6	0	0	3	5
ASV165	2	0	4	0	0	5	0	0	0	0	0	0	0	0	0	0	0	0	0	0	0
ASV851	7	4	10	7	7	22	15	5	11	3	0	5	10	1	4	1	0	0	0	0	0
ASV200	0	4	10	3	16	11	3	21	0	0	12	3	62	0	5	0	11	57	4	23	7
ASV171	6	0	0	4	0	0	1	0	0	34	11	7	10	45	13	0	30	0	190	20	0
ASV162	0	0	0	8	0	0	0	0	0	0	0	0	0	0	0	0	0	0	0	0	0
ASV164	9	0	15	53	26	0	0	1	0	9	0	9	5	0	0	55	0	0	0	0	32
ASV179	0	0	0	0	6	0	4	0	0	0	0	0	3	0	0	0	0	0	0	0	0
ASV167	1	9	10	10	10	14	13	2	3	3	0	9	18	3	13	2	8	0	11	4	0
ASV173	10	13	12	0	4	2	1	17	3	0	16	0	0	0	7	0	0	0	6	0	0
ASV166	7	0	7	17	1	4	0	2	17	0	5	289	0	10	0	39	0	1	0	0	0
ASV155	25	19	0	0	0	31	157	0	0	58	8	0	0	0	73	0	0	0	3	0	17
ASV193	0	0	0	0	0	0	2	0	0	0	0	0	0	0	0	0	0	0	0	0	0
ASV217	0	0	8	0	0	0	1	0	0	7	2	13	173	0	0	0	0	0	0	0	6
ASV214	0	2	0	19	4	10	13	0	20	4	9	9	5	5	0	0	0	0	8	0	0
ASV203	30	14	17	6	10	13	12	11	1	8	28	6	3	15	8	0	9	0	0	1	0
ASV176	20	2	2	5	0	0	0	88	9	0	4	0	14	60	0	13	0	0	0	8	0
ASV172	0	0	7	19	9	4	9	1	0	38	21	4	1	0	40	32	0	0	13	0	11
ASV238	0	0	4	1	1	2	0	0	4	0	0	0	2	0	1	0	0	0	0	2	1
ASV276	5	0	0	0	0	2	0	2	0	0	0	0	0	0	0	12	0	0	0	25	0
ASV215	50	0	58	11	6	7	1	5	17	0	95	3	2	1	4	24	1	0	60	1	0
ASV213	0	0	0	0	0	6	0	7	0	0	0	0	193	0	0	0	22	0	0	0	0
ASV370	20	10	26	14	10	4	1	3	16	4	35	15	1	18	2	17	0	0	0	0	1
ASV186	9	0	0	24	0	13	28	10	3	0	1	6	11	0	39	11	0	0	0	0	0
ASV285	10	21	11	7	0	0	7	11	26	0	14	23	2	10	0	0	18	0	17	0	0
ASV204	11	20	25	31	6	19	24	20	6	18	27	13	0	0	0	0	17	0	0	2	0
ASV188	33	25	29	0	7	30	13	7	26	12	12	21	1	18	3	13	0	0	0	8	0
ASV192	14	0	0	4	0	1	1	0	0	0	0	4	0	0	0	0	0	0	7	0	0
ASV181	8	0	0	1	10	0	0	1	4	6	2	1	0	13	5	0	0	0	15	0	0
ASV187	0	0	0	0	0	0	1	0	1	0	7	14	0	0	45	0	0	0	0	0	0
ASV319	0	9	6	0	8	9	1	18	0	2	0	0	167	0	0	0	12	0	0	7	0
ASV724	11	2	7	8	4	9	9	7	5	15	9	3	4	5	15	5	7	3	6	4	7
ASV184	0	0	0	0	0	0	0	0	22	0	0	19	0	1	0	0	0	0	17	8	0
ASV233	1	0	4	0	3	3	3	0	5	1	12	3	1	0	13	24	30	0	0	0	0
ASV255	0	0	3	23	20	1	33	0	8	32	9	6	0	6	1	93	0	0	86	0	0
ASV443	15	3	9	6	1	14	7	6	1	5	1	10	19	10	4	1	5	0	7	1	14
ASV225	0	0	0	27	3	17	4	14	0	7	0	0	108	0	0	20	0	0	0	5	0
ASV1915	6	1	4	5	4	6	5	7	2	3	0	6	8	0	4	17	9	0	4	2	6
ASV194	0	0	0	0	0	0	5	0	0	71	0	47	1	6	0	0	18	0	137	29	0
ASV201	19	30	27	4	0	13	16	1	29	7	18	24	2	42	1	0	26	0	0	0	0
ASV198	15	4	0	4	177	1	15	0	2	7	25	9	11	0	0	8	0	0	0	0	34
ASV227	29	17	13	2	2	19	7	12	10	7	13	19	0	4	0	0	3	0	11	12	9
ASV226	0	3	16	48	7	3	0	0	0	0	11	10	0	0	0	0	0	0	61	0	0
ASV230	49	9	36	27	7	18	4	12	21	11	28	4	7	9	2	2	2	0	10	0	11
ASV380	93	7	20	18	21	15	12	7	9	0	21	15	4	1	5	6	0	0	0	1	1
ASV191	0	33	0	0	8	0	0	18	0	0	22	0	7	0	206	2	0	0	10	0	0
ASV211	73	6	21	1	11	15	21	26	10	21	0	14	15	0	0	17	0	0	16	0	0
ASV205	0	1	4	0	0	0	33	0	0	0	7	0	0	0	21	0	0	0	0	43	40
ASV237	0	0	3	0	1	0	0	5	0	0	0	0	176	0	7	0	9	0	0	0	0
ASV282	5	9	7	5	0	4	2	0	0	2	3	3	0	0	0	0	0	0	0	0	0
ASV223	19	7	4	0	14	16	0	2	8	0	22	5	4	0	5	0	0	0	3	0	7
ASV212	0	0	0	0	0	0	0	0	17	4	0	143	1	0	0	0	128	0	0	0	0
ASV218	0	0	2	11	7	0	0	0	0	0	0	4	1	3	0	0	8	0	0	0	0
ASV219	16	9	9	12	51	29	4	0	4	3	24	9	0	4	0	0	0	0	27	0	0
ASV197	0	0	0	0	0	0	0	0	0	0	0	0	0	0	0	0	0	0	0	0	0
ASV207	5	0	7	11	8	0	11	36	0	10	8	15	0	0	0	0	0	0	0	0	1
ASV224	0	0	0	0	0	0	0	0	0	0	0	0	0	0	0	0	0	0	0	0	0
ASV232	1	0	0	13	0	4	0	4	5	0	0	0	58	0	2	27	4	0	19	9	14
ASV206	1	8	6	0	0	27	0	0	31	0	10	0	13	11	0	0	0	0	24	0	10
ASV210	0	0	0	0	0	0	0	0	0	20	0	0	0	0	0	0	0	0	0	0	0
ASV202	0	0	0	0	0	0	66	0	0	0	0	0	0	0	0	0	0	0	0	0	0
ASV261	1	1	6	8	1	4	7	0	0	1	0	5	6	2	6	1	2	0	2	0	0
ASV231	4	0	6	2	0	10	0	1	6	0	0	8	13	0	0	0	0	1	0	7	0
ASV248	45	11	15	32	18	6	6	5	18	11	24	7	4	10	6	5	0	0	0	0	8
ASV250	5	2	0	7	13	1	0	1	2	8	4	0	0	19	0	23	34	0	6	0	0
ASV222	0	0	0	0	0	0	0	0	0	0	0	0	0	0	0	0	0	1	0	0	0
ASV257	4	5	6	7	0	8	0	2	3	3	4	0	0	0	0	0	0	0	0	0	0
ASV209	32	6	13	7	25	10	28	0	0	3	3	45	0	8	35	0	0	0	0	0	0
ASV208	0	0	0	0	0	0	0	0	0	0	0	0	220	0	0	0	0	0	23	0	0
ASV264	0	0	0	0	0	0	0	0	0	0	0	0	15	0	0	0	0	0	0	0	0
ASV220	0	0	0	0	0	0	0	0	0	0	0	0	0	0	0	0	0	0	0	0	0
ASV234	21	14	20	25	18	33	3	0	12	7	19	8	3	19	13	2	9	0	9	26	0
ASV216	0	0	0	0	0	0	0	0	0	0	0	0	0	0	0	0	0	0	0	0	0
ASV241	3	0	0	7	0	10	3	6	16	0	4	16	15	3	0	18	14	0	0	0	0
ASV1599	9	0	0	2	0	0	0	4	0	2	4	0	156	0	0	0	0	0	0	17	11
ASV378	0	9	2	0	0	10	0	6	0	7	0	0	126	0	7	22	0	0	0	9	0
ASV239	4	16	4	19	10	9	14	4	17	0	12	0	0	21	0	103	0	0	0	1	5
ASV221	7	0	8	0	0	8	0	0	0	0	0	15	0	0	11	7	0	0	0	1	0
ASV247	29	2	18	6	6	8	1	2	2	3	25	12	0	8	0	0	0	0	4	0	0
ASV246	15	16	18	53	0	40	2	13	0	0	25	0	10	19	0	0	0	0	8	0	29
ASV253	16	0	0	0	13	0	0	0	0	0	0	0	97	0	0	0	0	0	0	0	0
ASV260	0	0	0	0	0	1	1	8	0	2	0	0	65	0	0	24	0	0	0	17	0
ASV268	16	20	9	18	4	19	13	1	0	8	6	22	3	9	0	12	15	0	15	10	0
ASV228	3	0	0	8	5	14	50	0	0	0	0	0	0	1	22	0	1	1	0	0	0
ASV236	3	0	5	2	7	40	2	14	4	9	12	3	13	9	20	0	0	0	50	20	18
ASV300	43	6	12	21	25	11	9	9	5	11	24	6	1	12	3	7	1	0	0	0	0
ASV235	10	0	0	0	9	0	7	0	1	1	0	22	3	0	0	0	0	0	0	0	0
ASV229	0	1	0	4	37	4	3	0	0	0	0	0	0	0	0	0	18	0	0	0	2
ASV249	20	2	5	29	16	11	2	9	11	6	16	21	0	22	0	15	0	0	1	0	18
ASV275	8	8	24	3	20	1	5	0	1	0	20	9	0	2	5	5	0	0	0	0	2
ASV243	0	0	0	0	0	0	23	18	0	0	0	14	18	7	0	0	0	0	0	0	0
ASV240	0	0	0	0	0	0	0	0	0	0	14	0	0	0	0	0	0	0	12	0	0
ASV322	0	2	4	21	41	5	8	15	13	6	10	49	9	7	6	7	0	0	4	0	2
ASV298	19	6	2	20	0	6	0	1	6	1	12	9	12	0	4	70	0	0	2	1	8
ASV272	13	7	7	3	18	1	11	6	10	1	23	2	3	13	0	0	0	0	0	0	0
ASV242	4	0	0	0	6	0	0	0	6	0	0	0	0	0	0	0	0	0	0	0	13
ASV316	3	0	1	0	0	0	0	0	2	0	9	3	0	2	0	8	1	0	0	0	2
ASV280	53	7	18	15	9	12	2	1	7	0	16	5	3	20	0	19	0	0	0	0	0
ASV287	0	0	0	0	0	0	0	0	0	0	0	0	94	0	0	29	0	0	0	0	0
ASV1657	2	0	3	3	2	9	2	5	3	2	0	6	16	0	1	1	0	0	1	1	0
ASV263	0	0	0	0	11	0	0	11	0	0	6	0	84	0	0	0	0	0	0	0	12
ASV502	13	3	3	2	31	6	1	0	0	0	5	8	0	4	9	0	0	0	8	28	1
ASV256	14	0	12	3	12	6	0	11	7	7	5	25	2	15	11	0	0	0	0	0	11
ASV425	20	4	26	18	32	8	0	0	3	8	17	12	2	1	0	8	0	0	0	0	5
ASV258	28	10	2	24	2	12	4	0	14	14	8	23	1	5	0	19	0	0	0	21	0
ASV320	5	0	3	0	5	1	0	2	4	4	0	4	9	1	3	0	0	0	1	0	1
ASV259	23	9	1	0	0	1	24	8	16	17	3	9	3	0	26	0	0	0	0	0	0
ASV265	4	0	4	11	5	6	0	0	0	0	0	29	8	0	0	0	0	0	0	0	0
ASV266	4	0	7	20	5	6	0	0	7	94	24	0	1	8	0	19	0	0	0	0	2
ASV291	2	0	0	0	0	0	0	0	0	1	193	0	2	1	0	0	0	0	0	6	0
ASV314	0	0	2	0	0	4	0	0	0	0	0	0	173	0	0	0	0	0	0	0	6
ASV633	0	0	5	13	0	0	0	1	0	2	3	0	73	0	0	0	0	1	0	0	0
ASV274	5	3	171	0	0	6	0	0	0	0	3	0	1	0	0	0	0	0	0	0	0
ASV311	0	0	5	4	0	19	15	22	7	3	20	10	7	14	3	0	12	0	13	37	7
ASV289	3	1	3	2	3	0	1	4	0	0	0	2	0	3	0	0	1	0	0	0	3
ASV251	0	0	0	0	0	0	0	0	0	0	0	0	0	0	0	0	0	0	0	0	14
ASV301	0	0	15	0	0	0	0	0	0	26	0	9	0	0	57	0	0	0	0	0	0
ASV277	7	12	8	0	1	24	1	2	8	3	17	3	4	3	0	1	0	0	6	28	0
ASV400	1	2	1	3	7	4	1	4	0	7	0	6	2	1	2	0	0	0	0	0	1
ASV244	153	0	0	0	1	0	0	0	29	0	0	0	0	10	0	0	0	0	0	0	0
ASV267	11	0	0	0	17	22	0	0	0	0	0	0	6	0	0	0	0	0	22	0	1
ASV326	0	0	4	4	0	0	0	4	0	0	6	10	0	0	0	0	0	0	0	17	0
ASV281	4	0	10	3	8	0	3	8	0	3	0	6	2	0	0	81	0	0	17	0	0
ASV292	4	7	1	2	3	4	0	6	0	0	18	5	5	3	7	0	3	0	0	1	9
ASV307	0	0	0	0	0	0	0	0	0	0	0	0	84	0	0	0	0	0	0	0	0
ASV273	0	0	0	0	0	0	0	0	0	0	0	0	0	0	0	0	0	0	0	0	0
ASV288	0	0	0	0	0	0	0	0	0	0	4	0	7	0	0	0	0	0	0	0	0
ASV284	0	0	13	0	0	0	0	0	0	9	0	0	0	0	0	0	0	0	0	0	0
ASV283	0	0	0	0	0	0	0	0	0	0	0	0	0	0	0	0	0	0	0	0	0
ASV270	0	26	0	0	0	0	0	0	0	0	0	0	0	17	0	0	0	0	0	0	0
ASV279	0	0	0	9	0	4	1	0	3	0	0	0	106	0	0	0	0	1	0	12	0
ASV450	0	0	0	0	1	1	1	4	0	0	0	0	74	0	2	24	0	1	4	0	5
ASV262	0	0	0	0	0	6	0	0	6	32	0	0	0	0	0	0	0	0	0	14	0
ASV286	13	13	0	5	22	0	0	0	0	0	0	0	0	5	0	15	0	0	0	0	0
ASV305	8	20	18	17	5	12	3	7	6	1	9	10	1	13	4	0	0	0	14	1	0
ASV424	0	0	0	0	0	1	0	9	0	6	10	6	71	1	0	0	0	0	0	0	15
ASV323	6	0	16	0	0	15	1	1	30	0	24	0	3	0	0	0	0	0	0	1	0
ASV373	0	0	0	0	0	0	1	0	0	4	0	0	57	0	0	0	0	0	0	25	0
ASV429	0	0	0	0	0	0	0	0	0	0	0	2	0	0	0	0	0	0	0	0	0
ASV271	0	0	0	11	0	2	10	0	0	0	1	0	4	0	0	150	0	0	0	0	0
ASV293	0	1	11	0	0	4	0	0	2	0	0	14	0	5	0	18	0	0	0	0	0
ASV299	0	0	0	0	0	13	0	30	0	0	0	0	108	0	21	0	0	0	0	0	0
ASV278	17	4	5	1	11	13	0	0	32	1	0	0	6	12	0	0	0	0	0	0	5
ASV269	21	35	5	10	0	26	17	0	17	0	0	11	2	0	0	0	0	0	0	0	0
ASV312	20	13	15	31	19	10	8	0	1	0	15	18	2	10	11	0	0	0	0	0	0
ASV290	16	0	10	23	13	5	0	7	14	0	6	18	4	8	12	0	0	0	1	0	0
ASV295	5	20	6	37	4	12	0	4	0	17	14	2	1	0	0	0	0	0	0	0	0
ASV304	20	0	7	7	4	12	3	0	14	0	1	7	0	9	22	6	0	0	0	0	0
ASV354	12	3	16	25	40	5	8	2	4	0	22	27	1	0	3	3	0	0	0	0	0
ASV297	14	0	17	56	2	4	0	0	0	0	0	0	4	0	0	50	0	0	0	1	0
ASV303	0	0	0	0	0	0	0	2	0	0	0	0	12	0	0	0	0	0	0	0	0
ASV351	2	0	5	8	7	5	4	0	0	0	4	1	1	0	3	0	0	0	0	0	0
ASV1129	2	0	7	4	1	6	1	7	0	2	0	1	0	1	1	0	0	0	1	1	0
ASV294	0	5	0	0	0	0	0	0	0	11	3	3	8	5	0	0	0	0	7	0	0
ASV746	0	0	0	0	0	0	0	0	0	0	0	0	0	0	0	0	0	0	0	0	0
ASV306	12	0	0	13	38	13	11	1	12	33	14	18	0	0	0	0	0	0	0	0	0
ASV302	0	0	4	0	0	0	5	0	0	0	1	0	0	0	0	14	0	0	0	0	0
ASV398	0	4	1	0	0	0	0	15	0	0	1	1	47	0	0	0	0	1	0	6	5
ASV313	0	0	0	0	0	1	0	0	0	0	0	0	0	0	0	0	0	0	0	0	0
ASV308	11	7	1	29	11	4	5	3	0	2	2	35	3	11	12	0	0	0	2	1	0
ASV310	24	0	0	0	0	0	0	0	0	0	0	0	0	0	0	0	0	0	33	12	0
ASV321	0	0	2	4	5	4	2	3	4	0	16	0	1	0	3	14	0	0	13	0	0
ASV328	0	0	2	2	6	0	0	2	5	2	120	7	1	2	0	0	0	0	0	0	0
ASV345	0	0	2	0	0	0	2	0	0	0	0	2	0	0	1	0	0	0	0	0	0
ASV343	0	0	4	0	0	0	1	1	0	0	144	0	0	0	0	0	0	0	0	0	5
ASV361	0	13	0	0	0	1	1	0	0	0	0	0	14	0	0	0	0	0	122	0	0
ASV495	16	11	13	16	12	8	2	3	6	6	7	0	1	0	2	0	11	0	0	0	4
ASV339	0	0	0	0	0	0	0	0	0	0	0	0	0	0	0	0	0	0	0	0	0
ASV317	0	0	3	0	7	42	45	0	0	0	4	8	0	4	23	0	0	0	6	0	0
ASV318	8	3	11	24	4	1	0	12	8	3	16	32	1	1	3	2	3	0	0	0	0
ASV336	0	0	0	0	0	0	0	0	0	0	0	0	122	0	0	0	0	0	0	0	0
ASV329	18	30	1	16	15	3	1	8	0	4	7	4	2	4	3	0	0	0	3	0	0
ASV352	22	19	14	21	4	4	6	2	1	19	9	8	0	0	0	0	0	0	0	0	0
ASV324	4	1	17	7	16	11	2	4	0	12	13	6	0	12	0	1	18	0	2	2	0
ASV555	7	4	0	5	1	1	3	3	0	1	11	6	0	10	0	12	0	0	0	0	0
ASV357	2	13	8	11	1	10	2	0	0	6	0	22	0	0	0	24	7	0	0	0	0
ASV376	0	0	0	0	0	0	0	3	2	0	1	0	1	2	1	4	7	0	0	0	0
ASV405	0	0	0	0	1	5	0	0	6	0	0	0	0	1	0	0	0	0	0	0	0
ASV441	0	0	1	3	0	1	0	0	0	0	1	0	0	0	3	3	4	0	7	0	0
ASV341	5	0	21	9	0	7	2	2	12	5	5	3	2	0	9	0	0	0	0	0	0
ASV348	0	0	0	0	37	0	0	21	0	0	0	0	0	0	0	0	0	0	0	0	0
ASV362	2	2	2	13	0	1	7	0	11	0	4	2	0	0	6	0	0	0	8	0	7
ASV371	0	0	0	0	18	0	0	0	0	0	0	0	0	12	0	0	0	0	0	0	0
ASV381	4	0	2	0	2	1	0	5	0	0	1	1	5	0	0	3	0	0	1	0	0
ASV342	9	0	27	7	7	5	5	0	0	3	11	4	1	17	0	23	5	0	0	0	0
ASV327	12	0	9	4	18	16	0	11	0	0	0	0	0	0	1	46	0	0	0	0	16
ASV350	1	0	3	0	7	0	0	0	7	0	0	8	0	0	0	0	0	0	0	0	0
ASV337	0	0	18	11	0	11	2	0	0	0	0	0	3	11	0	0	2	0	14	0	0
ASV493	3	13	0	2	28	2	1	0	4	0	0	0	0	0	0	59	0	0	20	0	0
ASV1478	1	0	0	0	9	3	0	0	0	5	6	0	0	3	0	21	0	0	9	0	0
ASV340	1	0	0	0	0	0	0	0	0	0	0	0	0	0	53	0	0	0	0	0	0
ASV389	0	4	8	15	2	2	8	2	0	0	0	0	6	4	0	19	0	0	0	0	27
ASV330	0	2	0	0	0	6	0	0	4	0	0	4	0	7	0	0	3	0	9	0	10
ASV332	33	0	0	0	0	0	0	0	0	0	0	0	0	0	0	0	0	0	0	0	0
ASV353	4	0	1	0	1	4	2	2	0	6	0	16	2	0	0	13	0	0	6	10	0
ASV399	0	0	8	0	10	0	0	0	0	0	5	10	0	26	10	0	1	0	1	0	0
ASV471	0	0	0	0	0	0	0	0	0	0	0	0	0	0	0	0	0	0	0	0	0
ASV331	0	0	0	0	0	0	0	0	0	0	0	0	0	0	0	0	0	0	0	0	0
ASV364	0	0	0	0	0	0	0	0	0	0	0	0	0	0	0	0	0	0	0	0	0
ASV411	4	0	2	0	0	0	0	0	0	0	0	15	0	0	0	0	0	0	0	0	0
ASV344	0	0	0	0	0	0	52	0	0	0	0	0	0	0	0	0	0	0	0	0	0
ASV349	6	5	4	2	6	0	1	0	11	0	0	0	0	0	78	0	12	0	0	0	0
ASV438	0	0	1	1	0	0	0	0	0	0	0	0	0	0	0	0	0	0	0	0	0
ASV367	6	7	10	0	12	5	0	0	3	1	10	10	12	0	0	1	0	0	0	0	3
ASV550	2	6	21	10	11	7	1	4	12	0	13	10	2	5	0	7	0	0	0	0	0
ASV363	5	9	16	0	0	0	0	0	21	12	1	0	8	0	0	20	0	0	0	0	0
ASV355	0	0	0	0	0	3	0	0	0	2	0	0	0	0	0	0	0	0	0	0	0
ASV379	0	0	0	0	0	0	0	0	0	0	0	0	0	0	0	0	0	0	0	0	0
ASV406	19	16	14	18	2	6	1	1	2	2	0	17	0	1	2	0	2	0	9	0	9
ASV384	0	0	0	0	0	0	0	0	0	0	0	0	6	0	0	13	0	0	0	0	0
ASV369	8	0	11	16	7	24	2	3	5	0	9	0	0	6	0	0	0	0	15	1	0
ASV382	3	0	24	12	9	5	0	12	5	0	2	16	1	2	0	0	0	0	0	0	2
ASV417	11	11	7	7	0	10	2	0	1	1	14	0	0	14	3	0	0	0	0	0	0
ASV720	0	0	0	0	0	6	0	6	0	0	0	0	52	0	2	11	0	0	2	1	0
ASV1855	0	0	0	0	0	1	0	0	0	0	0	0	0	0	0	0	0	0	0	0	0
ASV372	0	0	0	0	0	0	0	0	0	0	0	0	0	0	0	0	22	0	0	0	0
ASV377	0	0	0	0	0	0	0	0	0	0	0	0	0	0	0	0	0	0	0	0	0
ASV346	0	0	5	18	0	0	0	0	0	28	0	0	16	2	19	0	0	0	0	0	0
ASV390	11	0	0	1	0	18	0	0	1	0	3	0	2	0	0	0	0	0	8	0	0
ASV396	6	4	2	8	5	4	4	0	0	3	1	7	0	2	0	0	0	0	0	0	0
ASV358	0	0	0	7	0	18	11	0	3	0	0	19	0	50	0	0	0	0	0	0	0
ASV394	0	0	0	0	0	0	0	0	0	0	6	0	56	0	0	0	0	0	0	0	0
ASV407	7	2	4	0	0	0	3	7	0	0	1	0	0	0	0	0	0	0	0	0	0
ASV547	6	0	0	6	12	3	1	1	0	2	8	6	0	0	0	0	0	0	3	0	0
ASV368	0	0	0	0	0	0	0	0	0	0	0	0	21	0	0	0	0	0	0	0	0
ASV392	0	7	5	4	16	5	0	3	9	0	19	5	2	10	0	5	0	0	0	0	0
ASV426	10	0	0	3	0	0	0	23	0	0	4	15	28	0	0	0	0	0	26	0	0
ASV463	1	0	0	0	0	0	0	7	0	0	0	0	41	0	0	0	0	62	0	0	0
ASV446	7	4	3	0	0	0	0	0	6	6	6	2	0	3	0	0	3	0	9	0	0
ASV518	0	0	2	5	7	0	0	62	0	0	0	0	36	0	0	0	0	0	0	0	0
ASV530	15	9	13	10	8	3	15	0	1	0	0	6	0	10	7	1	0	0	0	0	0
ASV491	8	0	1	5	0	0	1	1	0	6	1	0	54	0	0	0	0	0	0	0	6
ASV403	0	0	0	0	0	0	4	0	0	0	0	0	0	8	8	0	0	0	0	0	0
ASV374	0	0	0	0	0	0	0	0	0	0	0	0	0	1	0	0	26	0	0	0	0
ASV626	11	0	18	3	15	1	0	0	12	0	7	20	0	9	3	0	1	0	0	0	0
ASV412	0	0	1	8	0	0	0	0	0	0	1	4	0	0	0	0	0	0	0	0	0
ASV421	0	9	8	0	10	0	0	0	0	0	0	0	0	18	0	25	0	0	16	0	0
ASV433	2	11	0	7	0	1	2	6	7	0	6	0	2	3	0	0	0	0	7	0	5
ASV585	9	4	13	10	2	21	1	2	1	1	1	2	1	3	0	0	0	0	0	0	0
ASV464	10	14	10	0	4	2	1	0	4	0	11	3	3	4	2	0	0	0	0	0	0
ASV395	8	0	0	0	0	0	1	14	4	0	8	0	0	0	0	0	0	0	0	0	0
ASV375	0	0	0	0	0	0	0	0	0	0	0	0	16	0	0	0	0	0	0	0	0
ASV387	0	0	0	0	0	0	0	0	0	0	0	0	0	0	0	0	0	0	0	0	0
ASV418	0	4	0	2	0	0	0	0	0	0	0	0	0	0	0	0	0	0	0	0	3
ASV447	1	0	2	0	0	3	5	3	0	2	13	0	0	2	0	15	0	0	0	0	0
ASV456	0	0	0	0	15	0	0	0	1	0	0	0	83	0	0	0	0	0	0	0	0
ASV486	2	0	0	0	0	0	0	2	0	1	0	0	7	2	2	0	1	0	5	0	2
ASV541	1	0	2	5	3	0	2	0	0	8	0	3	4	2	0	0	0	0	0	0	0
ASV385	0	0	1	0	8	0	0	0	0	0	4	38	0	0	0	0	0	0	0	0	0
ASV413	4	0	0	0	0	0	1	1	1	4	3	7	0	7	0	0	0	0	0	14	0
ASV414	3	12	3	4	1	8	2	4	2	0	4	6	0	5	1	0	26	0	0	16	7
ASV605	2	0	0	0	0	7	0	8	11	0	0	0	1	15	0	0	0	0	0	0	3
ASV388	14	3	1	0	17	0	7	12	0	0	0	0	0	15	0	0	0	0	13	0	0
ASV393	4	5	0	0	0	3	6	0	3	0	0	8	1	7	0	0	0	0	0	0	0
ASV409	1	2	2	1	0	0	0	0	0	3	4	8	0	2	0	0	0	0	0	0	0
ASV419	1	16	5	2	2	0	4	0	9	15	2	0	0	11	0	0	0	0	0	0	0
ASV437	0	0	10	0	0	20	5	4	0	0	0	0	0	0	12	0	0	0	0	0	0
ASV442	0	2	0	0	0	1	1	2	7	0	88	1	0	1	0	0	0	0	0	0	0
ASV420	3	0	4	3	6	2	0	6	3	4	7	11	0	5	0	30	0	0	5	0	13
ASV402	0	0	3	7	4	2	20	0	0	0	14	19	0	0	0	0	0	0	0	0	0
ASV598	0	0	0	0	0	0	0	0	0	0	0	0	0	16	0	0	0	0	0	0	0
ASV696	0	1	0	0	0	0	0	0	0	0	0	2	0	98	0	0	0	0	0	0	0
ASV422	0	0	0	0	0	0	0	24	0	0	0	0	13	4	6	0	0	0	0	0	0
ASV436	5	0	2	2	0	3	0	2	0	0	2	0	1	0	3	15	0	0	0	0	0
ASV459	6	7	2	14	3	4	0	5	0	8	15	7	1	5	0	0	11	0	1	0	3
ASV472	4	6	13	17	15	4	2	3	13	0	2	4	1	0	1	1	1	0	0	0	2
ASV522	58	0	0	5	0	7	0	0	0	7	0	0	0	4	0	13	0	0	0	0	0
ASV1797	8	0	2	0	5	8	2	1	1	0	1	3	6	2	3	0	13	0	18	0	2
ASV391	0	0	0	15	0	0	0	0	7	22	5	20	9	0	0	21	0	0	0	0	0
ASV591	5	0	0	0	0	4	0	0	0	4	0	0	0	7	0	0	6	0	0	0	10
ASV423	15	21	0	0	0	9	0	0	0	0	0	0	12	0	0	0	0	0	0	0	0
ASV466	0	0	0	5	0	0	0	0	0	0	0	0	0	0	0	0	0	0	0	0	0
ASV894	0	0	1	0	5	0	0	0	0	0	0	0	0	10	0	0	0	0	2	0	0
ASV386	1	0	5	5	12	1	0	6	17	0	5	11	0	0	5	20	0	0	0	0	0
ASV478	0	0	0	0	4	0	0	0	0	0	0	1	38	0	0	0	0	0	0	0	0
ASV531	6	0	12	7	10	6	1	0	5	2	11	0	1	0	0	4	14	0	0	0	0
ASV538	0	0	0	0	0	0	0	0	0	0	0	0	84	0	0	0	0	0	0	11	0
ASV451	6	0	0	9	7	0	0	0	3	2	6	4	1	7	5	11	0	0	0	3	0
ASV506	11	3	0	12	11	7	1	4	0	0	10	14	4	2	0	0	1	0	2	0	0
ASV1306	0	7	0	1	0	4	1	2	3	0	6	8	0	13	0	10	0	0	0	0	1
ASV397	0	0	0	3	0	0	0	0	6	0	0	22	0	0	0	0	0	0	0	0	0
ASV415	0	0	0	0	0	0	0	0	0	0	0	0	0	0	0	0	0	0	0	0	0
ASV445	0	0	1	0	2	7	0	0	5	0	4	71	0	0	0	0	0	0	0	0	0
ASV474	3	0	1	0	9	0	0	0	0	0	10	8	0	0	7	0	7	0	0	0	0
ASV515	15	4	7	1	17	3	1	6	1	0	8	13	1	0	5	3	0	0	1	0	0
ASV790	0	3	3	10	0	0	0	0	10	6	5	0	0	19	0	0	0	0	0	0	0
ASV408	0	0	0	0	0	0	0	0	0	0	0	0	0	0	0	0	0	0	0	0	0
ASV427	0	0	0	0	0	29	0	32	0	0	0	0	0	0	0	0	0	0	0	0	0
ASV475	0	6	5	30	7	3	3	1	0	0	3	1	0	1	1	0	0	0	14	11	2
ASV514	0	7	7	16	2	1	2	7	6	5	0	0	10	2	0	15	0	0	2	0	9
ASV763	6	5	5	0	0	4	0	0	7	0	0	0	18	4	0	0	0	0	0	0	7
ASV582	0	0	0	0	0	0	0	0	0	0	0	0	64	0	0	0	0	0	13	0	13
ASV744	0	2	3	6	3	10	2	1	2	2	17	17	1	1	0	7	0	0	6	7	0
ASV444	4	1	3	0	0	2	2	0	0	0	0	0	2	0	0	0	0	0	0	0	0
ASV462	8	0	0	6	0	0	0	0	0	0	0	1	2	0	0	0	0	0	5	0	0
ASV1092	0	0	2	0	0	7	0	0	0	0	0	6	29	0	0	0	1	0	0	0	0
ASV453	0	0	0	2	0	0	0	0	0	0	0	0	0	0	0	0	0	0	0	0	0
ASV512	0	0	0	0	0	0	0	0	0	0	8	0	0	8	0	0	0	0	0	20	0
ASV482	8	0	0	0	8	1	0	13	3	0	2	0	5	0	0	0	0	0	0	0	7
ASV440	20	0	11	0	8	0	0	4	0	0	0	0	0	6	0	0	0	0	0	0	0
ASV693	0	0	0	1	2	0	0	0	0	0	0	0	1	0	0	0	0	0	0	0	0
ASV716	0	0	0	0	0	2	3	5	0	1	0	0	30	5	0	0	0	31	0	0	0
ASV1280	0	0	0	0	0	0	0	7	0	1	0	0	75	0	0	0	0	0	0	1	0
ASV435	0	6	0	6	0	2	0	0	18	0	0	11	1	9	0	0	0	0	0	0	0
ASV454	0	0	9	5	24	0	0	0	13	0	0	0	13	0	0	0	0	0	0	18	0
ASV457	15	0	2	13	8	5	0	0	0	0	11	0	0	0	0	0	0	0	0	0	0
ASV569	0	0	0	0	0	1	0	10	0	0	1	0	29	1	0	5	0	0	0	0	5
ASV477	9	7	3	6	14	4	0	2	5	3	0	9	0	0	0	0	0	0	6	14	0
ASV499	0	0	0	0	0	0	0	4	0	0	0	0	0	0	0	36	0	0	0	0	7
ASV501	0	0	0	0	0	0	4	0	0	0	0	0	23	0	0	0	0	0	0	0	0
ASV701	0	0	0	0	0	0	0	8	0	0	0	0	75	0	0	0	0	0	0	0	0
ASV498	0	0	1	0	0	0	0	0	0	7	0	17	0	0	0	0	0	0	0	0	0
ASV455	0	0	0	5	0	0	0	0	0	0	18	0	0	0	0	0	0	0	0	0	0
ASV465	0	0	0	9	0	0	1	6	0	0	8	0	0	0	0	0	0	0	0	1	12
ASV470	0	0	0	0	0	0	0	0	0	0	0	0	0	0	0	0	0	0	0	0	0
ASV507	1	0	5	6	3	11	2	8	6	1	12	5	0	0	0	0	0	0	0	21	0
ASV645	0	6	0	0	4	0	0	3	0	0	0	0	62	0	0	0	0	0	0	3	0
ASV783	8	1	2	6	4	2	2	3	0	5	1	5	0	2	0	5	8	0	0	8	4
ASV469	4	0	5	0	1	5	0	0	0	0	0	0	0	0	0	0	5	0	6	0	0
ASV897	7	3	3	0	0	2	0	0	6	0	0	8	0	4	1	10	0	0	0	0	12
ASV480	0	0	0	4	0	0	0	0	0	0	2	0	0	0	0	21	0	0	0	24	0
ASV557	0	0	0	0	0	0	0	0	0	0	0	0	19	1	0	0	0	0	0	0	0
ASV476	11	0	2	7	0	5	2	6	0	0	0	8	2	5	4	0	15	0	0	0	0
ASV509	0	0	0	0	0	0	0	0	0	0	0	0	24	0	0	0	0	0	0	0	0
ASV539	0	0	0	0	0	0	0	0	0	0	0	0	68	0	0	0	0	0	0	0	0
ASV857	5	2	2	5	1	4	1	0	1	0	0	1	0	1	1	1	1	0	0	0	1
ASV492	11	5	5	5	0	0	1	16	0	1	0	7	0	3	0	8	0	0	11	0	0
ASV722	8	0	2	0	3	9	0	5	0	0	2	3	0	27	5	0	3	0	0	10	0
ASV473	17	0	8	0	0	0	0	0	0	0	0	4	0	6	0	0	0	0	0	0	0
ASV544	0	0	0	5	0	0	0	0	0	0	0	0	3	6	0	13	9	0	0	0	0
ASV595	0	0	0	1	0	0	2	0	2	0	0	0	9	1	0	33	0	0	6	0	0
ASV545	0	0	0	0	0	8	0	0	0	0	0	0	0	0	0	0	0	0	66	0	0
ASV628	0	0	0	0	0	0	0	0	0	0	0	0	44	0	0	0	0	0	0	0	0
ASV576	0	4	3	0	1	0	1	0	0	0	6	0	0	0	0	0	0	0	3	0	0
ASV800	0	0	0	0	0	0	0	0	0	0	0	0	41	0	0	0	0	0	0	0	0
ASV452	0	0	0	0	0	0	0	0	0	0	0	0	0	0	0	0	0	0	0	0	0
ASV481	0	0	3	0	0	0	0	0	0	26	0	0	13	0	7	0	0	0	0	0	0
ASV485	0	0	0	0	0	0	0	0	0	13	0	0	6	0	0	0	0	0	0	0	14
ASV508	11	0	1	0	0	5	4	0	9	0	0	0	3	6	0	0	0	0	0	0	0
ASV586	0	0	0	0	0	0	0	0	0	1	0	0	13	0	0	0	0	0	0	0	0
ASV619	0	0	0	0	0	0	0	5	0	0	0	0	2	0	0	0	0	56	0	0	0
ASV676	2	7	0	14	0	0	0	1	0	0	0	3	0	0	0	0	0	0	0	0	0
ASV487	7	8	0	0	0	3	3	1	0	0	0	10	0	5	7	4	0	0	0	0	0
ASV513	0	0	0	0	0	0	0	0	3	0	0	0	69	0	0	0	0	0	0	0	0
ASV524	0	0	0	0	0	15	0	0	0	0	0	16	0	0	0	0	0	0	0	0	0
ASV573	4	0	4	3	0	4	0	0	10	0	5	1	0	0	0	25	0	0	0	14	0
ASV584	0	7	0	0	3	1	0	0	0	0	38	11	7	5	0	0	0	0	0	0	0
ASV687	5	8	0	9	0	6	2	0	0	0	0	3	0	0	1	0	1	0	0	0	6
ASV510	0	10	0	0	0	0	9	8	0	0	0	0	9	0	0	0	0	0	0	13	0
ASV552	0	0	0	0	0	1	0	0	0	0	0	0	0	0	0	0	0	0	0	0	0
ASV572	0	0	0	0	0	1	0	0	0	19	0	0	0	0	0	30	0	0	0	1	8
ASV597	0	0	0	0	0	0	0	0	0	0	0	0	0	7	1	0	0	0	0	0	0
ASV587	0	0	9	0	0	1	0	7	0	2	2	12	2	5	0	15	0	0	5	0	0
ASV521	0	0	0	0	0	0	0	0	28	0	0	0	0	0	0	0	0	0	0	0	0
ASV526	0	0	0	0	1	0	0	0	0	0	0	1	0	67	0	0	0	0	0	0	0
ASV675	0	0	0	0	0	0	0	0	0	0	0	0	0	0	0	0	0	0	0	0	0
ASV494	0	0	0	0	0	0	0	7	0	0	0	0	28	0	0	0	0	0	0	0	0
ASV567	0	0	2	0	0	2	2	0	0	0	0	3	0	12	0	0	8	0	14	5	0
ASV590	0	0	2	0	0	0	0	0	0	1	0	0	63	0	0	0	0	0	0	0	0
ASV778	0	0	0	0	0	0	1	0	0	6	0	0	53	0	0	0	0	0	0	0	0
ASV505	0	0	0	0	0	0	0	0	0	0	0	21	0	1	0	0	0	0	0	0	0
ASV532	0	0	0	0	0	0	0	0	0	0	5	0	62	0	0	0	0	0	0	0	0
ASV589	0	0	1	0	0	0	0	0	0	0	0	0	0	0	0	0	64	0	0	0	0
ASV682	0	0	0	0	0	0	0	0	0	0	0	0	36	0	0	9	0	0	0	0	0
ASV606	15	0	4	0	0	4	0	0	0	32	9	0	0	0	0	0	0	0	0	0	0
ASV520	0	0	0	7	0	0	0	0	0	0	8	0	0	0	0	0	0	0	0	0	0
ASV542	2	4	0	15	0	0	0	0	0	7	0	35	0	2	0	0	0	0	0	0	0
ASV553	1	3	0	2	3	4	6	0	0	0	15	1	0	5	0	23	0	0	0	0	2
ASV554	0	0	0	0	0	0	0	0	1	0	0	64	0	0	0	0	0	0	0	0	0
ASV574	2	7	6	0	0	0	0	0	0	0	0	5	5	0	0	0	0	0	0	0	0
ASV588	0	7	7	0	0	0	0	0	3	0	18	0	3	15	0	0	0	0	7	0	0
ASV1052	0	0	0	0	4	0	0	17	0	0	0	0	19	0	0	14	0	1	0	0	0
ASV1287	0	0	0	0	0	1	0	0	0	0	0	0	13	0	0	5	0	0	0	0	0
ASV1510	16	7	3	2	0	3	0	0	0	0	4	6	1	17	0	0	0	0	0	0	0
ASV497	6	0	0	0	0	0	11	20	0	0	0	0	0	0	0	0	0	0	0	0	0
ASV504	0	0	0	0	0	7	0	0	0	0	0	0	5	0	0	0	0	0	0	0	0
ASV578	0	0	0	0	1	5	10	0	0	0	9	7	0	6	8	0	6	0	0	0	12
ASV1086	1	1	2	2	5	1	1	5	0	0	4	3	1	8	0	3	1	0	4	1	0
ASV527	4	5	1	0	0	1	0	1	2	11	11	0	1	12	0	0	0	0	7	7	0
ASV534	0	0	6	0	0	0	15	0	0	5	0	0	0	0	0	0	0	0	6	0	0
ASV603	0	0	0	0	0	0	0	0	0	0	0	0	34	0	0	0	0	0	0	0	0
ASV620	0	1	4	0	0	4	4	6	0	0	0	13	0	0	0	0	0	0	0	0	0
ASV710	0	2	2	0	0	1	0	4	9	1	0	3	0	0	0	0	14	0	8	0	18
ASV543	1	0	3	0	6	0	2	0	4	0	0	4	0	0	0	7	20	0	0	0	0
ASV559	0	3	6	0	0	2	0	3	0	0	0	0	0	0	0	0	0	0	0	0	0
ASV579	11	0	0	5	0	5	5	0	0	1	6	8	0	0	0	0	0	0	0	9	0
ASV653	0	0	0	0	0	0	0	0	0	0	0	0	0	0	0	0	0	0	0	0	0
ASV733	0	0	0	0	3	5	2	2	0	0	6	2	0	0	0	0	0	0	0	0	0
ASV998	9	0	4	0	1	2	0	2	8	0	16	6	0	4	10	0	0	0	0	0	0
ASV546	0	0	0	0	0	0	0	0	0	0	0	0	0	0	0	0	0	0	0	0	0
ASV564	0	0	7	0	0	0	0	0	0	0	0	0	0	10	1	0	0	0	0	0	0
ASV594	0	0	0	0	0	0	0	0	0	0	0	0	5	0	0	0	0	0	0	0	0
ASV631	0	0	0	0	0	0	0	1	0	0	0	0	12	0	0	0	0	48	0	0	0
ASV684	0	0	0	8	0	2	0	0	0	0	0	0	0	2	0	0	0	0	0	0	2
ASV517	0	0	0	0	0	0	0	0	0	0	0	0	0	0	0	0	0	0	0	0	0
ASV519	0	0	0	0	0	0	0	0	0	0	0	0	0	0	0	0	0	0	0	0	0
ASV536	0	0	0	0	0	0	0	0	0	0	0	0	5	0	0	0	0	0	0	45	0
ASV663	0	0	0	0	0	0	0	7	0	0	0	0	20	0	0	0	0	0	0	0	0
ASV672	0	0	0	0	0	0	0	0	0	0	0	0	29	0	0	0	0	0	0	0	0
ASV689	0	0	0	0	5	0	0	0	2	0	0	8	8	0	0	5	0	0	0	0	0
ASV734	0	0	0	0	0	0	0	0	0	0	0	0	0	0	0	0	0	0	0	0	0
ASV751	0	0	0	0	0	0	0	0	0	0	0	0	0	0	0	0	0	0	0	0	0
ASV837	0	0	0	0	14	0	0	0	0	0	0	0	13	0	0	0	0	0	0	0	0
ASV1142	0	0	0	1	0	0	0	1	0	0	4	0	9	0	0	0	4	0	2	2	0
ASV1301	0	0	0	0	0	0	1	0	0	0	0	0	0	2	0	0	0	0	0	0	0
ASV548	0	0	3	0	0	0	1	0	0	0	8	0	0	0	0	0	0	0	1	0	46
ASV565	6	0	0	0	0	0	0	5	33	0	0	0	9	0	0	0	0	0	0	0	0
ASV583	0	0	0	0	0	0	0	0	0	0	1	0	0	4	0	0	0	0	9	0	0
ASV592	0	0	14	0	0	2	0	0	0	0	0	0	0	0	0	0	0	0	0	0	0
ASV617	0	0	0	0	0	0	0	0	0	0	0	0	32	0	0	0	0	0	0	0	0
ASV651	0	0	0	0	0	0	0	0	0	0	0	0	20	0	0	0	0	0	0	0	0
ASV658	4	0	8	10	7	0	0	4	5	0	0	4	2	0	1	0	4	0	0	0	0
ASV668	6	5	0	0	0	0	2	3	9	6	12	2	0	0	2	0	2	0	0	0	2
ASV671	0	0	0	0	0	0	0	0	0	0	0	0	29	0	0	27	0	0	0	0	0
ASV771	1	0	2	1	0	0	1	0	1	1	1	0	1	0	0	0	0	0	0	0	0
ASV556	0	0	0	27	0	0	0	0	0	0	0	0	0	15	0	0	0	0	0	0	0
ASV632	6	0	9	9	2	6	1	4	10	2	0	0	1	0	0	1	0	0	2	0	1
ASV665	0	0	0	0	0	0	0	0	0	0	0	0	19	0	0	0	0	0	0	0	0
ASV767	2	0	0	0	0	4	1	6	0	0	0	1	0	0	0	0	0	0	0	0	0
ASV528	0	0	0	0	0	0	0	0	1	0	12	0	0	10	0	0	0	0	0	0	0
ASV608	0	0	2	0	0	0	1	0	0	0	0	0	0	0	0	0	0	0	0	54	0
ASV735	0	0	10	11	0	0	0	4	5	0	2	0	1	4	0	11	0	0	0	0	0
ASV1246	0	0	2	0	10	0	1	0	0	0	0	0	37	0	0	0	0	0	0	0	0
ASV607	0	0	6	18	0	10	9	5	0	0	0	0	4	0	0	0	0	0	0	0	0
ASV612	10	5	7	7	2	4	7	0	0	1	1	8	0	0	0	0	0	0	0	0	0
ASV1250	0	0	0	0	0	5	0	0	0	0	1	0	49	0	0	0	0	0	0	0	0
ASV562	0	0	2	0	0	0	0	0	0	0	0	0	0	0	0	0	8	0	0	0	0
ASV566	0	0	0	16	0	0	38	0	0	1	0	0	0	0	0	0	0	0	0	0	0
ASV609	0	0	0	0	0	0	0	0	0	0	0	0	2	0	0	0	0	0	0	0	0
ASV649	0	0	0	0	0	6	0	0	0	0	0	0	0	0	0	0	0	0	0	0	0
ASV692	3	0	0	0	6	0	9	0	7	5	10	0	2	7	5	0	1	0	0	0	0
ASV788	0	0	5	0	0	0	0	0	0	0	1	0	1	0	0	0	0	0	0	4	0
ASV898	7	0	0	1	0	6	2	2	1	0	11	3	1	4	0	0	0	0	0	0	1
ASV580	0	0	2	15	9	0	4	2	0	4	0	1	0	0	0	0	0	0	0	0	0
ASV604	0	0	0	0	0	0	0	0	0	0	0	0	7	0	0	0	0	0	0	0	0
ASV683	2	0	9	0	0	0	3	0	7	0	0	21	0	0	2	0	0	0	0	0	0
ASV812	0	1	0	0	0	0	0	0	0	2	0	0	46	1	0	0	0	0	0	0	0
ASV838	7	1	6	5	3	0	0	2	0	0	0	4	22	0	0	0	1	0	0	0	1
ASV1604	1	0	0	3	2	1	2	0	4	1	3	5	3	1	2	2	1	0	2	3	1
ASV750	0	0	0	0	0	14	0	0	0	0	0	0	0	0	0	0	3	0	7	0	9
ASV931	1	0	0	0	8	0	0	0	0	0	5	0	0	0	0	0	0	0	0	0	7
ASV1275	0	0	0	0	0	0	0	0	0	0	0	0	0	0	0	0	0	0	0	0	0
ASV577	0	0	0	0	0	0	0	0	0	0	0	0	0	0	0	0	0	0	0	0	0
ASV599	0	0	0	0	0	0	0	0	0	0	0	0	1	0	0	0	0	0	0	0	0
ASV601	0	0	0	0	0	0	0	0	0	0	0	0	2	0	0	0	0	0	0	0	0
ASV610	0	0	0	0	0	0	0	0	0	0	0	0	0	0	0	0	0	0	0	0	0
ASV729	0	14	2	0	0	1	0	0	0	0	5	4	0	2	0	0	0	0	0	0	0
ASV866	0	0	14	1	0	5	1	4	0	0	0	10	0	6	0	0	0	0	0	0	0
ASV1164	0	0	0	0	0	0	0	0	0	0	0	0	15	0	0	0	0	18	0	0	0
ASV1569	0	0	2	8	2	5	8	0	0	0	21	1	0	0	0	0	0	0	0	0	1
ASV570	0	0	0	0	0	0	0	0	0	0	1	0	50	0	0	0	0	0	0	0	0
ASV622	1	0	0	0	0	0	3	45	0	0	0	0	0	1	0	0	0	0	0	0	1
ASV637	2	0	0	0	9	1	0	1	15	0	0	0	1	0	0	0	0	0	0	0	0
ASV643	8	6	10	0	0	6	0	14	0	0	0	0	0	0	2	0	0	0	0	4	1
ASV670	0	0	0	0	0	0	0	1	0	0	0	0	2	0	0	0	0	0	0	9	0
ASV695	0	0	0	0	0	0	0	0	0	0	0	0	12	0	0	0	0	0	0	0	0
ASV713	1	0	0	0	4	10	2	2	3	3	6	0	1	2	0	0	0	0	0	0	3
ASV756	0	0	0	0	0	0	0	0	0	0	0	0	0	0	0	0	0	0	0	0	0
ASV616	0	0	0	0	0	0	0	0	0	45	0	5	0	0	0	0	0	0	0	0	0
ASV624	2	13	0	2	9	0	0	0	0	0	2	0	0	0	0	0	0	0	0	0	22
ASV640	0	5	4	4	0	13	1	0	12	0	3	0	1	2	3	0	0	0	0	0	0
ASV708	0	0	3	6	0	4	2	0	0	0	3	0	0	0	4	0	0	0	0	0	0
ASV712	6	0	1	3	0	0	0	0	0	0	0	1	0	0	3	0	0	0	0	0	0
ASV718	0	0	4	0	1	3	2	1	0	0	26	10	0	0	0	0	1	0	2	0	0
ASV752	12	1	2	0	0	0	8	0	4	0	0	9	11	0	0	0	0	0	0	0	0
ASV804	6	0	1	4	0	0	0	0	0	0	2	3	0	0	0	0	0	0	0	0	0
ASV825	2	2	1	5	1	0	1	2	0	0	0	0	2	3	0	0	3	0	0	0	4
ASV1206	6	2	4	1	10	0	5	0	0	1	5	0	1	0	0	1	0	0	1	3	0
ASV1394	0	0	0	0	0	0	0	0	0	0	0	0	10	0	0	0	0	0	0	0	0
ASV648	0	0	7	0	0	0	1	0	0	5	0	1	0	0	0	0	0	0	0	0	0
ASV655	0	0	0	0	0	0	0	0	0	0	0	0	1	0	0	36	0	0	0	0	0
ASV662	0	14	8	0	0	0	0	5	16	0	0	0	3	0	0	0	0	0	0	1	0
ASV754	0	15	0	0	0	0	0	0	0	0	0	0	0	0	0	0	0	0	0	0	0
ASV981	0	0	0	0	0	0	0	0	0	0	0	0	48	0	0	1	0	0	0	0	0
ASV1165	0	0	0	0	0	0	0	0	0	1	0	0	16	0	0	27	0	0	0	0	0
ASV1419	0	0	0	0	0	6	0	7	0	4	0	0	14	0	0	0	0	0	0	0	0
ASV613	1	8	0	2	5	2	0	1	0	0	1	0	0	0	0	3	0	0	0	0	24
ASV647	15	0	0	8	11	2	0	0	0	0	0	0	0	0	0	0	0	0	0	0	0
ASV650	0	0	0	0	0	0	0	3	0	0	0	0	12	0	0	0	0	0	0	0	0
ASV831	0	0	0	0	0	0	0	4	0	0	4	0	26	0	0	0	0	0	0	0	0
ASV936	10	0	1	1	3	1	2	0	0	0	0	5	0	2	0	0	0	0	0	0	0
ASV1078	0	0	0	0	0	0	1	0	4	2	0	0	0	2	8	28	0	0	0	0	0
ASV625	0	0	0	0	0	0	0	0	0	0	0	0	4	0	0	0	0	0	0	4	0
ASV627	13	4	3	6	0	0	0	8	0	10	0	0	0	0	0	0	0	0	0	0	0
ASV870	9	5	3	6	4	0	1	3	6	0	0	5	0	0	0	5	0	0	0	0	0
ASV621	0	0	0	0	0	0	0	0	0	0	1	0	1	0	0	0	0	0	0	0	0
ASV629	0	0	0	0	0	0	0	0	0	0	0	0	0	0	0	0	0	0	0	0	0
ASV657	0	0	0	0	0	0	0	0	0	0	0	1	0	0	0	0	0	0	42	0	0
ASV678	0	0	0	0	0	0	0	0	0	0	0	0	0	0	0	0	0	0	0	0	0
ASV686	0	0	0	0	0	0	0	0	0	0	5	0	5	0	0	0	0	0	0	0	0
ASV703	5	0	0	0	0	2	0	0	11	0	9	0	1	0	0	0	3	0	0	15	0
ASV865	0	0	2	27	0	2	1	0	0	0	0	0	0	0	0	0	0	0	0	0	0
ASV884	0	0	0	0	0	11	0	0	0	0	0	6	22	0	0	0	0	0	0	0	1
ASV902	0	0	1	0	0	0	0	0	9	0	0	1	0	0	0	7	0	0	0	0	0
ASV1181	0	1	0	4	0	1	2	2	0	0	1	0	20	0	0	0	2	0	1	2	0
ASV1416	0	0	0	0	0	0	1	0	0	0	0	0	26	0	3	0	0	0	0	0	0
ASV673	0	0	2	0	0	0	0	30	0	4	1	0	6	0	0	0	0	0	0	0	0
ASV725	0	0	1	0	0	0	0	0	0	0	0	0	0	0	0	0	0	0	0	0	0
ASV766	0	0	8	4	18	9	0	0	0	0	0	0	5	0	0	0	0	0	0	1	0
ASV769	7	0	3	0	0	0	0	0	0	0	3	0	8	0	0	0	0	0	0	0	11
ASV973	0	0	0	0	0	0	0	1	0	0	0	0	18	0	0	0	5	0	6	0	2
ASV1104	0	0	1	0	0	0	0	0	0	0	0	0	22	7	0	0	0	0	0	0	0
ASV1189	0	0	0	0	0	0	0	0	0	0	0	0	0	0	0	0	0	0	0	0	0
ASV641	0	9	9	11	0	0	0	1	0	0	3	5	6	0	0	0	0	0	0	0	0
ASV700	0	0	0	0	0	0	0	0	0	0	0	0	21	0	0	0	0	0	15	0	8
ASV702	0	0	0	0	0	0	0	0	0	0	0	0	0	0	4	0	0	0	39	0	0
ASV757	7	0	0	0	0	0	1	0	0	0	0	0	16	0	0	0	0	2	0	0	0
ASV1609	0	0	0	0	8	2	0	0	0	0	0	0	8	0	0	0	0	0	13	0	5
ASV1676	0	0	0	0	0	0	0	5	0	0	0	0	29	0	0	0	0	0	0	0	1
ASV669	2	2	7	3	0	0	0	0	0	0	0	0	0	10	5	0	0	0	0	0	0
ASV680	2	0	0	0	0	0	0	0	0	0	3	0	0	0	1	0	0	0	0	37	0
ASV685	0	0	0	0	0	0	0	0	0	0	0	0	0	0	0	0	0	0	0	0	16
ASV748	6	0	22	0	6	0	9	0	0	0	0	0	0	0	0	0	0	0	0	0	0
ASV760	0	0	0	0	0	0	0	0	0	0	0	0	15	0	0	0	0	0	0	0	0
ASV799	10	0	1	8	0	0	0	0	0	0	23	0	0	0	0	0	0	0	1	0	0
ASV1270	0	10	0	0	4	0	0	0	0	0	0	0	6	0	0	0	16	0	0	0	6
ASV1856	0	0	0	0	0	0	0	0	0	0	0	0	0	0	0	0	0	0	0	0	0
ASV667	0	0	0	11	0	0	0	0	0	0	0	0	0	1	0	0	0	0	0	0	0
ASV706	6	0	2	11	4	0	0	0	3	0	13	0	3	0	0	0	0	0	0	0	0
ASV709	1	0	0	0	0	0	4	0	0	6	0	3	0	0	0	0	0	0	0	0	12
ASV737	0	0	0	0	0	0	0	0	0	0	0	0	2	0	0	0	0	0	0	0	0
ASV770	6	0	0	0	0	0	0	0	0	0	15	0	4	0	0	17	0	0	0	0	0
ASV841	4	2	0	9	0	0	0	0	8	0	0	2	0	5	0	8	0	0	0	0	0
ASV962	0	0	4	0	0	0	0	0	0	0	0	0	19	0	4	0	0	0	0	0	5
ASV1035	0	0	3	0	0	0	0	0	0	0	0	0	38	0	0	0	0	0	0	0	0
ASV1122	0	0	0	1	0	0	2	1	0	0	0	1	2	0	1	0	0	0	1	0	1
ASV1198	0	0	0	0	0	0	0	0	0	0	0	0	0	0	0	0	4	0	0	0	0
ASV1241	1	0	4	0	0	2	1	0	0	0	0	0	0	0	0	21	0	0	0	0	0
ASV642	1	0	0	0	0	0	0	0	40	0	0	0	0	0	0	0	0	0	0	0	0
ASV652	0	0	0	0	0	0	0	0	0	0	0	0	0	0	0	0	0	0	0	0	0
ASV736	8	4	0	0	0	0	0	0	1	0	6	0	0	0	0	10	0	0	0	0	0
ASV1128	5	0	1	0	0	0	0	0	0	0	0	4	0	1	3	13	3	0	0	7	3
ASV697	0	0	0	2	2	0	0	0	0	0	0	0	0	0	0	0	0	1	0	0	4
ASV704	0	0	0	0	0	0	0	0	0	0	0	0	0	0	0	0	0	0	0	0	0
ASV794	0	0	0	0	0	0	0	0	0	0	0	0	0	2	1	19	0	0	0	0	0
ASV797	0	0	0	0	0	0	0	0	31	0	0	0	0	0	0	0	0	0	0	0	0
ASV801	0	0	0	0	0	0	0	0	0	0	0	0	4	0	0	0	0	0	0	1	0
ASV984	0	0	1	0	0	1	0	0	0	0	10	0	0	3	0	0	0	0	0	0	0
ASV1047	6	0	0	0	29	0	0	0	0	0	0	0	0	4	0	0	0	0	0	0	0
ASV1504	0	0	0	4	0	0	0	0	0	0	0	0	10	0	0	19	0	0	0	0	0
ASV1505	1	3	1	4	1	4	3	1	1	1	2	0	0	3	0	2	1	0	0	0	0
ASV1768	0	0	0	0	0	0	0	0	0	0	0	0	14	0	0	0	0	0	0	0	9
ASV688	0	0	0	0	0	0	0	0	0	0	0	0	1	0	0	0	0	0	0	0	0
ASV732	0	0	0	0	1	0	0	0	0	0	0	0	2	6	0	30	0	0	0	0	0
ASV888	0	0	0	0	0	0	0	0	0	0	0	0	19	0	0	0	0	0	0	0	0
ASV930	0	0	0	0	0	0	0	0	0	0	0	0	0	8	0	0	0	0	0	0	0
ASV953	0	0	0	0	0	0	0	0	0	0	1	0	1	0	0	0	0	0	0	0	0
ASV980	0	0	0	0	0	0	0	0	0	0	0	0	0	0	0	0	0	0	12	0	0
ASV1073	0	0	0	0	0	0	0	3	0	0	0	0	10	6	0	0	0	0	0	0	0
ASV677	0	0	0	0	0	8	0	0	0	0	0	0	0	0	0	0	0	0	0	0	0
ASV681	3	1	1	6	2	7	5	8	0	0	0	0	1	0	0	0	0	0	0	0	1
ASV765	0	0	3	0	0	0	0	0	0	0	0	0	0	0	0	0	0	0	0	0	0
ASV776	0	4	0	0	0	0	0	0	0	0	0	0	2	0	0	0	0	0	0	0	0
ASV786	0	0	0	9	0	0	0	0	0	0	0	0	0	0	0	0	21	0	0	0	0
ASV1096	0	0	0	0	0	0	0	5	0	0	0	0	24	0	0	0	0	0	0	0	0
ASV1126	0	0	0	0	0	0	0	0	4	0	0	0	33	0	0	0	0	0	0	0	0
ASV1358	0	0	0	0	0	0	0	0	6	0	0	0	0	0	0	0	0	0	0	0	0
ASV719	0	0	0	0	0	0	0	0	0	0	0	18	0	0	0	0	0	0	0	0	0
ASV728	0	0	3	0	0	0	11	0	9	6	0	5	3	0	0	0	0	0	0	0	0
ASV759	0	0	2	10	2	0	5	4	0	0	3	0	0	0	0	0	2	0	0	0	0
ASV781	0	0	0	0	0	0	0	0	0	0	8	0	1	5	0	0	0	0	0	0	1
ASV808	4	0	0	0	3	10	0	0	0	1	0	0	0	0	0	18	0	0	0	0	0
ASV922	4	2	3	0	0	1	0	0	2	0	8	0	0	0	0	17	0	0	0	0	0
ASV929	0	0	0	0	0	0	0	0	0	0	0	0	0	0	0	0	0	0	0	0	0
ASV950	0	0	0	0	0	0	0	0	13	0	0	0	0	0	0	0	5	0	0	0	0
ASV995	4	0	0	0	2	6	0	0	0	0	0	0	20	0	0	0	0	3	0	0	0
ASV997	1	0	0	0	0	0	1	1	0	0	0	0	0	0	0	0	0	0	0	0	0
ASV1032	0	2	0	1	0	5	0	4	0	0	0	0	5	0	0	0	0	0	0	16	2
ASV1230	1	0	0	4	0	0	5	0	0	0	0	0	6	3	0	0	0	0	0	12	0
ASV1266	0	0	3	2	0	0	0	3	0	0	0	0	12	0	0	0	0	0	0	0	1
ASV1471	2	2	1	2	0	0	0	1	0	0	6	2	4	4	0	0	4	0	4	0	2
ASV743	0	0	11	14	0	0	0	0	10	0	0	0	0	0	0	0	0	0	0	0	0
ASV758	0	1	0	0	0	11	0	0	0	0	0	0	0	0	0	0	0	0	8	0	0
ASV762	0	0	19	0	0	0	0	0	0	0	0	4	0	0	9	0	0	0	0	0	0
ASV768	0	0	0	0	0	0	0	0	0	0	0	0	0	0	0	0	0	0	0	0	0
ASV795	0	0	0	0	0	0	0	29	0	0	0	0	0	0	0	0	0	0	0	0	0
ASV834	0	0	0	0	0	0	0	0	0	0	0	0	0	0	0	0	0	0	0	0	0
ASV889	0	0	0	6	0	0	0	0	0	0	7	0	0	0	0	23	0	0	0	0	0
ASV1210	0	0	0	0	0	0	11	0	0	0	0	0	22	0	0	0	0	0	0	0	0
ASV1374	0	7	2	0	11	0	1	0	0	0	0	10	0	4	0	0	0	0	0	0	0
ASV730	0	0	0	0	0	0	0	0	0	0	0	0	9	0	0	0	0	0	0	0	0
ASV747	0	0	0	0	0	0	0	0	8	0	0	0	0	0	0	0	0	0	0	0	0
ASV775	0	0	0	0	6	0	0	0	0	0	0	0	0	0	0	0	9	0	0	0	0
ASV818	0	0	0	0	0	0	0	0	0	0	0	0	0	34	0	0	1	0	0	0	0
ASV844	2	0	2	0	12	0	0	6	0	2	2	4	0	0	0	0	0	0	0	0	0
ASV855	0	0	0	8	6	0	0	0	0	0	0	0	0	0	0	0	0	0	0	0	3
ASV879	0	0	0	0	0	0	0	0	0	0	0	0	0	7	0	0	0	0	0	0	0
ASV959	0	0	3	0	0	0	0	12	4	0	3	1	0	4	0	0	1	0	0	0	0
ASV1028	2	8	0	0	12	0	0	0	0	0	0	0	0	0	0	0	0	0	0	0	0
ASV1299	2	7	0	0	0	0	0	0	0	0	2	0	0	0	0	0	0	0	0	0	18
ASV1674	0	0	0	0	0	0	0	0	0	0	0	0	17	0	0	0	0	0	0	0	0
ASV740	0	0	0	0	0	9	0	0	0	0	0	0	0	0	24	0	0	0	0	0	0
ASV755	0	0	0	0	0	13	0	0	0	0	0	0	0	0	0	0	0	0	14	0	0
ASV813	0	0	0	0	6	0	0	0	0	0	0	0	0	0	0	0	0	0	0	0	0
ASV887	0	0	0	16	0	0	11	0	0	0	0	0	0	0	0	0	0	0	0	0	0
ASV942	0	0	0	0	5	0	2	6	0	0	9	0	5	0	0	0	0	0	0	0	0
ASV951	0	0	0	0	0	0	0	0	0	0	0	0	5	0	0	0	0	0	0	0	0
ASV1037	0	2	3	0	4	2	1	5	0	0	0	0	0	0	1	0	2	0	11	0	2
ASV1153	0	0	0	0	0	0	0	0	0	0	0	0	1	0	0	0	0	0	0	0	0
ASV1573	0	0	0	0	0	2	0	0	0	0	0	0	11	0	0	0	0	0	0	0	2
ASV1678	5	4	3	0	0	0	2	0	0	0	10	8	1	0	0	0	0	0	0	0	0
ASV1705	0	0	0	0	0	0	0	0	0	1	0	0	0	0	0	0	0	0	0	0	2
ASV1830	0	0	0	0	0	0	0	0	0	0	0	0	0	0	0	0	0	0	0	0	0
ASV791	0	0	0	0	0	0	0	32	0	0	0	0	0	0	0	0	0	0	1	0	0
ASV811	0	0	0	0	0	0	0	0	0	0	0	14	13	0	0	0	0	0	0	0	0
ASV814	9	4	3	6	0	0	0	2	0	0	1	7	1	0	0	0	0	0	0	0	0
ASV908	0	0	0	0	0	0	0	1	0	5	0	0	20	0	0	0	6	0	0	0	0
ASV925	0	0	0	0	0	9	0	0	4	0	0	3	1	4	1	0	0	0	6	3	1
ASV968	4	0	3	2	0	0	1	0	2	0	1	0	0	0	0	0	0	0	0	0	0
ASV986	0	0	0	0	0	0	0	0	0	0	0	0	0	0	0	0	0	0	2	0	0
ASV1236	0	0	0	7	0	1	0	0	0	0	6	0	1	8	0	0	0	0	0	0	6
ASV1390	0	0	6	5	2	0	0	1	1	9	0	2	0	0	1	0	0	0	1	0	0
ASV1414	0	0	0	0	0	0	0	0	0	0	0	0	26	0	0	0	0	0	0	0	0
ASV1440	0	0	4	0	2	3	0	0	0	0	0	2	0	10	0	0	0	0	0	0	0
ASV1526	0	0	2	0	0	0	0	0	0	0	0	0	0	3	0	0	0	0	0	0	0
ASV1660	3	0	0	0	0	0	0	0	0	0	0	0	17	6	0	0	0	0	0	0	5
ASV843	0	0	0	0	0	0	0	0	0	0	0	0	7	0	0	0	0	0	0	0	7
ASV846	0	0	0	0	0	0	0	0	0	0	0	0	0	31	1	0	0	0	0	0	0
ASV873	0	0	0	0	0	0	0	0	0	0	0	0	28	0	0	0	0	0	0	0	0
ASV1015	6	0	0	24	0	0	0	0	0	0	0	0	0	0	0	0	0	0	0	0	0
ASV1027	0	0	0	0	0	0	0	0	0	0	2	0	0	2	3	0	0	0	0	0	0
ASV1162	0	0	0	0	0	0	0	0	0	0	6	0	0	0	0	0	0	0	0	0	0
ASV1337	1	2	1	1	1	0	0	1	0	1	2	1	9	0	0	0	0	0	0	1	0
ASV1350	0	0	1	0	0	0	0	0	0	0	0	0	0	0	0	0	0	0	0	0	0
ASV1368	0	0	0	0	0	15	0	0	0	0	0	9	0	7	0	0	0	0	0	0	0
ASV1594	2	0	0	0	0	0	0	0	0	2	0	2	14	0	0	0	0	0	0	0	0
ASV1711	0	0	4	0	0	6	0	0	0	0	0	6	0	0	0	15	0	0	0	0	0
ASV761	3	1	1	2	3	0	0	4	0	0	1	2	4	0	0	2	0	0	2	0	0
ASV792	0	0	0	1	0	11	6	0	0	0	0	0	0	0	0	0	0	0	0	0	0
ASV796	0	0	0	0	0	0	0	0	0	0	0	5	0	1	0	25	0	0	0	0	0
ASV822	0	0	6	0	0	0	0	0	13	0	8	0	0	0	0	0	0	0	0	0	0
ASV824	0	0	0	0	0	0	0	0	0	0	0	0	0	0	0	12	0	0	0	0	0
ASV827	0	0	0	0	0	0	13	0	0	18	0	0	0	0	0	0	0	0	0	0	0
ASV883	0	7	0	0	11	6	0	7	0	0	0	0	0	0	0	0	0	0	0	0	0
ASV956	5	0	0	0	9	2	1	0	1	0	1	0	0	2	3	0	0	0	0	0	0
ASV961	0	0	0	0	0	1	0	0	0	0	0	0	20	0	0	0	0	1	0	0	0
ASV971	0	0	0	0	0	0	0	3	0	0	0	0	7	0	0	0	0	0	0	0	0
ASV994	0	0	0	0	0	0	0	0	0	0	0	0	0	0	0	0	0	0	0	0	0
ASV1020	0	0	0	0	0	0	0	0	0	0	0	0	0	0	0	0	0	0	0	0	0
ASV1036	0	0	0	1	0	0	0	0	0	4	0	0	3	0	0	0	0	0	0	0	0
ASV1444	0	0	10	0	0	0	3	0	0	0	0	0	9	0	0	0	0	0	0	0	0
ASV1564	0	0	0	0	0	0	0	0	0	0	0	0	11	0	5	0	0	0	0	0	0
ASV1635	2	0	1	2	1	1	0	0	0	0	1	0	0	3	1	1	1	0	0	2	1
ASV1776	0	0	9	0	0	0	6	0	0	0	0	0	11	0	0	0	0	0	0	0	0
ASV1810	3	0	0	4	0	7	1	6	3	0	3	2	0	0	0	0	0	0	0	0	0
ASV809	0	0	2	3	0	0	0	0	0	0	0	0	0	0	0	0	0	0	0	0	7
ASV820	0	0	0	5	4	0	1	0	0	0	0	0	0	0	0	0	0	0	0	0	0
ASV856	0	0	0	0	0	0	0	0	0	0	0	0	3	0	0	0	0	0	0	0	0
ASV871	3	0	6	0	0	4	0	4	0	0	0	0	7	0	0	0	0	0	0	0	1
ASV874	2	1	1	7	5	0	4	0	2	0	0	0	3	0	0	5	0	0	0	0	0
ASV991	0	6	6	0	0	5	0	0	0	0	0	11	0	0	0	0	0	0	0	0	0
ASV1001	0	17	0	0	0	0	0	0	0	0	0	0	11	0	0	0	0	0	0	0	0
ASV1057	0	0	0	0	0	0	0	0	0	0	0	0	24	0	0	0	0	0	0	0	0
ASV1062	0	0	0	0	0	6	0	0	0	0	0	0	0	5	0	18	0	0	0	0	0
ASV1079	0	11	0	0	0	0	9	0	0	0	1	0	5	0	0	0	0	0	0	0	0
ASV1160	0	0	0	0	0	2	0	0	0	0	0	0	0	0	0	0	0	0	0	0	0
ASV1221	0	0	0	0	0	0	0	6	0	0	0	0	4	0	0	0	0	0	0	0	0
ASV1296	0	0	0	0	0	0	0	0	0	0	0	0	11	0	0	0	0	0	0	0	0
ASV1300	8	0	0	0	0	0	0	0	0	0	4	0	0	0	0	0	0	0	0	0	0
ASV1317	0	0	4	6	0	4	0	0	0	0	2	0	0	5	0	0	0	0	4	0	0
ASV1334	0	0	0	0	0	0	0	0	0	0	0	0	0	0	0	0	0	0	0	0	0
ASV835	10	0	0	8	0	0	0	0	0	0	0	0	0	0	0	0	0	0	0	0	0
ASV859	0	0	0	0	0	0	0	0	0	0	0	0	0	0	0	23	0	0	0	0	0
ASV876	8	0	12	0	0	2	1	0	0	0	4	0	0	2	0	0	0	0	0	0	0
ASV1046	0	0	0	0	0	0	0	0	0	10	5	9	0	0	1	0	0	0	0	0	0
ASV1080	0	0	2	0	0	0	0	0	0	0	0	0	0	9	0	17	0	0	0	0	0
ASV1450	4	0	4	0	0	0	0	0	0	4	0	0	0	12	0	0	0	0	0	0	4
ASV1563	0	0	0	0	0	0	0	2	0	0	0	0	25	0	0	0	0	0	0	0	0
ASV842	0	0	0	0	0	0	0	0	0	0	0	0	0	0	0	0	0	0	0	0	0
ASV863	2	0	13	0	0	0	0	0	0	0	1	11	1	0	0	0	0	0	0	0	0
ASV880	0	0	0	0	0	0	0	0	0	0	0	0	6	0	0	0	0	0	0	0	0
ASV896	0	0	0	0	0	0	0	0	0	0	0	0	0	0	0	0	8	0	0	0	0
ASV915	0	0	0	0	0	0	0	0	0	0	0	0	0	4	0	0	0	0	0	0	0
ASV923	0	0	0	0	0	0	1	0	0	0	0	0	0	0	0	0	0	0	0	0	0
ASV926	3	0	2	0	7	0	0	0	0	2	5	0	0	0	9	0	0	0	0	0	0
ASV955	0	0	0	16	0	0	0	0	0	0	0	0	0	0	0	0	0	0	0	0	0
ASV965	0	0	0	0	0	1	0	0	0	0	0	0	16	0	0	11	0	0	0	0	0
ASV977	0	0	0	0	0	0	0	0	0	0	0	0	0	0	0	0	0	0	0	0	0
ASV989	0	0	0	0	0	0	0	0	0	0	0	0	0	0	0	0	0	0	0	0	0
ASV1009	0	16	0	0	0	0	0	0	0	0	1	0	1	9	0	0	0	0	0	0	0
ASV1018	1	0	4	5	1	0	0	2	2	1	0	2	0	9	0	0	0	0	0	0	0
ASV1033	0	0	1	0	0	0	0	0	0	0	0	0	23	0	0	0	0	0	0	0	0
ASV1196	0	0	3	0	0	0	0	0	0	0	0	0	3	0	0	0	0	0	0	0	0
ASV1308	0	0	9	12	0	0	0	0	0	0	0	6	0	0	0	0	0	0	0	0	0
ASV1369	0	0	0	1	0	0	0	0	0	0	0	0	9	0	0	4	0	0	0	0	0
ASV1445	5	0	3	4	1	4	0	0	4	0	0	0	4	0	0	2	0	0	0	0	0
ASV1499	6	0	0	4	0	10	0	0	0	0	6	0	0	0	0	0	0	0	0	1	0
ASV1541	0	0	0	1	2	2	8	0	0	0	6	0	0	0	0	0	0	0	0	0	0
ASV1576	0	5	0	0	0	0	0	0	0	0	3	4	0	3	0	8	0	0	0	0	0
ASV1801	0	1	0	0	0	0	1	6	13	0	6	0	0	0	0	0	0	0	0	0	0
ASV1933	0	0	0	0	0	0	1	0	4	0	4	0	0	0	4	0	0	0	2	0	0
ASV854	0	0	0	0	0	1	0	11	0	0	0	0	0	0	0	0	0	0	14	0	0
ASV878	1	1	1	2	0	0	2	0	8	0	4	3	0	0	0	0	0	0	0	0	0
ASV916	0	0	0	0	0	0	0	0	0	0	0	0	0	4	0	0	0	0	0	0	0
ASV918	0	0	0	0	0	1	0	1	0	0	23	0	0	0	0	1	0	0	0	0	0
ASV919	0	0	0	0	0	0	0	0	0	0	0	0	14	0	0	0	0	0	0	0	0
ASV948	0	0	0	0	0	0	0	0	0	0	0	0	0	0	0	0	0	0	0	0	0
ASV1000	1	0	0	2	0	0	0	0	1	1	0	0	0	0	0	5	0	0	0	0	0
ASV1006	0	0	0	0	0	0	0	0	0	0	0	0	0	0	0	0	0	0	0	0	0
ASV1045	4	7	1	3	7	0	0	0	0	0	0	0	2	0	0	0	0	0	0	0	0
ASV1054	0	0	0	0	0	0	0	0	0	0	0	0	0	0	1	0	0	0	0	0	0
ASV1117	0	0	0	0	0	0	0	0	0	0	0	0	4	0	0	0	0	0	0	0	0
ASV1131	0	0	0	0	0	0	1	0	0	0	0	0	5	0	0	0	0	0	0	0	0
ASV1138	4	0	7	0	0	0	0	0	1	0	0	10	0	0	0	0	0	0	4	0	0
ASV1188	0	0	0	1	0	0	0	0	0	0	0	0	0	0	0	0	0	0	0	0	0
ASV1582	0	0	0	0	7	0	0	0	0	0	0	0	18	0	0	0	0	0	0	0	0
ASV868	0	0	0	0	0	0	0	0	0	0	0	0	0	0	0	0	0	0	0	0	0
ASV877	0	0	0	0	0	0	0	0	0	0	7	0	0	0	6	0	13	0	0	0	0
ASV890	0	0	0	0	0	0	1	0	0	0	0	0	0	1	0	14	10	0	0	0	0
ASV909	0	4	0	0	0	0	0	0	0	0	0	13	0	5	0	0	0	0	0	0	0
ASV957	0	0	4	0	0	4	1	0	0	0	0	0	0	10	0	0	0	0	0	7	0
ASV969	6	0	0	3	0	0	0	0	1	0	0	6	0	3	0	4	0	0	0	0	0
ASV972	1	0	7	0	0	0	0	0	0	0	2	0	0	0	9	0	0	0	0	0	0
ASV1010	4	0	1	2	0	1	1	0	0	0	3	0	0	0	0	0	0	0	0	0	0
ASV1017	7	0	0	0	0	6	0	0	0	11	0	0	0	0	0	0	0	0	0	1	0
ASV1058	0	0	0	0	0	0	0	0	0	0	0	0	0	0	0	0	0	0	0	0	0
ASV1091	0	0	0	0	0	8	0	0	4	0	0	2	1	2	0	0	0	0	0	0	0
ASV1102	0	0	4	0	0	0	0	0	0	0	0	0	0	0	0	0	0	0	0	0	0
ASV1106	0	0	0	0	0	0	0	6	0	0	0	0	4	0	7	0	0	0	8	0	0
ASV1286	1	0	0	7	0	0	0	0	0	0	0	5	0	0	0	0	0	0	0	12	0
ASV1336	3	4	5	5	1	0	0	5	0	0	0	0	0	2	0	0	0	0	0	0	0
ASV1342	0	0	0	0	0	0	0	0	0	0	0	0	6	0	0	0	0	0	14	0	0
ASV1351	0	0	0	0	9	0	0	6	0	3	0	0	0	0	0	0	0	0	0	0	0
ASV1502	3	4	2	0	0	0	0	0	0	7	0	2	0	0	5	0	0	0	0	0	0
ASV1712	0	0	0	0	0	1	0	0	0	0	0	0	15	0	0	0	0	0	9	0	0
ASV1753	0	0	0	0	0	0	0	2	0	0	0	0	7	4	0	0	0	0	4	0	0
ASV867	0	0	0	14	0	0	0	11	0	0	0	0	0	0	0	0	0	0	0	0	0
ASV882	0	0	0	0	0	10	0	2	0	4	0	0	4	5	0	0	0	0	0	0	0
ASV893	0	0	0	0	0	0	0	0	7	0	0	0	0	0	0	0	0	0	17	0	0
ASV917	0	0	0	0	11	1	0	0	6	0	0	0	0	0	1	0	0	0	0	0	0
ASV1013	0	0	0	0	0	0	0	0	0	0	0	0	0	0	0	0	0	0	0	0	0
ASV1053	0	0	0	0	0	4	0	0	12	0	0	0	0	0	0	0	0	0	0	0	0
ASV1085	0	0	0	0	0	7	0	0	0	0	7	8	0	2	0	0	0	0	0	0	0
ASV1098	1	0	0	0	0	0	0	0	0	0	0	1	0	0	0	0	1	0	0	0	0
ASV1136	0	0	0	0	0	0	0	0	13	0	0	0	0	0	0	0	11	0	0	0	0
ASV1166	0	0	0	0	0	0	0	0	0	0	0	0	0	0	0	0	0	0	0	0	0
ASV1224	0	9	3	0	0	4	2	6	0	0	0	0	0	0	0	0	0	0	0	0	0
ASV1244	0	0	0	0	0	1	0	0	0	0	0	0	13	0	0	0	0	0	0	0	2
ASV1264	4	0	0	0	4	1	0	2	0	0	13	0	0	0	0	0	0	0	0	0	0
ASV1277	7	0	0	0	0	0	0	0	0	0	0	0	0	0	0	0	0	0	0	0	0
ASV1427	1	0	3	0	0	0	1	0	0	0	7	0	0	2	0	0	0	0	0	9	0
ASV1812	4	0	0	1	0	0	0	0	0	0	0	0	0	0	0	19	0	0	0	0	0
ASV864	0	0	0	0	0	0	0	0	0	0	0	0	0	0	0	0	0	0	0	0	0
ASV954	0	0	0	7	0	0	3	0	0	0	6	0	0	0	0	0	0	0	0	0	0
ASV979	0	0	0	2	6	0	0	0	0	0	0	0	1	0	0	0	0	0	0	0	0
ASV1021	11	1	0	0	0	1	0	0	0	0	6	0	0	0	0	0	0	0	0	0	0
ASV1039	0	0	0	0	0	0	0	0	0	0	0	0	4	0	0	0	0	0	0	0	0
ASV1051	0	0	0	0	0	0	0	0	0	4	0	0	0	0	0	0	0	0	0	0	0
ASV1121	0	0	1	0	0	0	0	0	0	0	0	0	0	0	0	1	0	0	0	0	0
ASV1145	4	0	0	0	0	3	0	0	2	0	2	0	0	0	0	0	0	0	0	0	0
ASV1149	0	0	0	6	0	9	0	0	0	0	0	0	0	5	0	0	0	0	0	0	0
ASV1223	0	0	0	0	0	0	0	6	0	0	0	0	0	0	0	0	0	0	0	0	0
ASV1252	1	0	4	0	0	2	0	0	0	0	0	0	0	2	0	0	0	0	14	0	0
ASV1253	0	0	0	0	0	0	0	0	0	0	0	0	0	0	0	0	0	0	0	0	0
ASV1269	0	0	0	0	0	2	0	0	7	0	7	0	0	0	0	0	0	0	7	0	0
ASV1378	7	0	0	0	0	0	7	0	2	0	5	0	0	0	0	0	0	0	0	0	0
ASV1407	0	0	0	0	0	0	0	0	0	0	0	0	0	0	0	0	0	0	0	0	0
ASV1439	7	0	0	0	0	0	0	0	0	0	0	0	1	0	0	0	0	0	0	0	0
ASV1572	0	0	0	0	0	0	0	0	0	0	0	0	11	0	0	0	0	0	0	0	0
ASV1653	0	0	0	5	0	0	0	0	0	0	0	0	8	0	0	0	0	0	0	9	0
ASV1865	0	0	0	0	0	0	0	4	0	0	0	0	12	0	0	0	0	0	0	0	0
ASV914	0	5	0	0	0	0	0	0	0	0	0	5	0	0	0	0	0	0	0	0	0
ASV944	0	0	2	0	0	3	0	0	3	0	0	13	0	0	2	0	0	0	0	0	0
ASV949	3	0	3	2	7	0	0	0	0	0	0	0	0	0	0	0	8	0	0	0	0
ASV952	0	0	0	0	0	0	0	0	0	0	0	0	0	0	0	0	0	0	0	0	0
ASV970	0	0	3	0	0	0	0	0	0	0	0	0	0	0	0	0	0	0	0	0	0
ASV975	0	0	0	0	0	0	0	0	0	0	0	0	0	0	0	0	0	0	8	0	10
ASV990	0	2	2	0	0	2	0	0	0	0	7	0	1	4	3	1	0	0	0	0	0
ASV1014	0	0	0	0	0	1	0	0	0	0	0	0	1	0	0	0	0	0	0	0	20
ASV1026	0	0	0	0	0	0	0	0	0	0	0	0	0	0	0	0	0	0	0	0	0
ASV1029	21	0	0	0	0	0	0	0	0	0	0	0	0	0	0	0	0	0	0	0	1
ASV1048	0	0	0	0	0	0	0	0	0	0	0	0	0	0	0	21	0	0	0	0	1
ASV1059	0	0	3	13	0	0	0	0	0	0	1	0	0	0	1	0	0	0	0	0	0
ASV1063	0	0	0	0	0	0	0	0	0	0	0	0	0	0	0	0	0	0	0	0	0
ASV1084	2	0	0	0	0	0	0	0	0	0	0	0	0	0	3	0	0	0	0	0	0
ASV1101	0	0	0	0	0	0	0	0	0	0	12	7	0	0	0	0	0	0	0	0	0
ASV1113	0	11	0	0	0	0	0	0	0	0	10	0	0	1	0	0	0	0	0	0	0
ASV1167	2	0	5	0	0	0	0	0	0	2	0	1	0	1	0	0	0	0	0	0	0
ASV1178	0	0	6	0	5	0	0	1	4	0	3	0	0	0	0	0	0	0	0	0	0
ASV1281	0	0	0	0	0	0	0	0	0	0	3	0	0	0	0	0	0	0	0	0	0
ASV1290	0	0	2	0	0	0	0	0	0	0	0	0	0	0	0	20	0	0	0	0	0
ASV1333	0	0	0	0	0	0	0	0	0	0	0	0	0	0	0	0	0	0	0	0	0
ASV1822	0	0	0	2	0	0	0	0	3	0	0	3	0	0	0	0	0	0	0	0	0
ASV966	8	0	0	0	0	0	0	0	0	0	0	0	0	0	2	0	0	0	0	12	0
ASV1064	0	0	3	2	3	0	3	3	0	0	0	0	0	0	0	0	0	0	3	0	0
ASV1103	0	0	0	0	0	0	0	0	0	0	0	0	0	0	0	0	0	0	0	0	0
ASV1109	0	0	0	0	0	0	0	0	0	0	0	8	0	0	12	0	0	0	0	0	0
ASV1119	0	16	0	0	0	0	0	0	0	0	0	0	0	0	0	0	0	0	0	0	0
ASV1120	0	0	0	0	0	0	1	0	0	0	6	0	0	6	0	8	0	0	0	0	0
ASV1174	7	0	0	0	0	0	0	0	0	0	0	0	0	0	0	0	0	0	0	0	0
ASV1242	0	0	0	0	1	0	1	0	0	0	0	0	1	0	0	18	0	0	0	0	0
ASV1265	0	4	1	0	0	2	2	0	0	0	4	0	0	0	0	0	0	0	0	0	0
ASV1272	0	0	5	4	0	0	0	0	0	0	0	4	0	0	0	0	0	0	0	0	0
ASV1353	0	0	0	0	4	0	0	0	0	4	0	0	0	6	0	0	0	0	0	0	0
ASV1360	0	0	0	0	0	0	0	0	0	0	0	0	10	0	0	0	0	0	0	0	0
ASV1366	0	0	0	0	0	2	0	4	0	0	0	0	12	0	0	0	0	0	0	0	0
ASV1377	0	0	0	0	0	0	0	4	5	0	0	0	2	0	6	0	0	0	4	0	0
ASV1398	0	0	0	0	0	0	0	0	0	0	0	0	0	4	0	0	0	0	0	0	0
ASV1412	0	0	0	0	0	0	0	0	0	0	0	0	6	0	0	0	0	0	15	0	0
ASV1521	0	0	0	0	0	0	0	0	0	0	0	0	6	0	0	0	0	0	0	0	0
ASV1625	0	0	0	2	0	0	0	0	0	0	0	0	13	0	0	0	0	0	0	0	0
ASV1645	0	0	5	0	0	0	15	0	0	0	0	0	1	0	0	0	0	0	0	0	0
ASV1649	0	0	0	0	0	0	0	0	0	0	0	0	0	0	0	0	0	0	0	0	0
ASV1662	0	0	0	0	0	0	0	0	0	0	0	0	3	0	0	0	0	0	0	0	0
ASV1708	0	0	0	0	0	0	0	0	0	0	0	0	5	0	0	11	0	0	0	0	0
ASV1067	0	0	0	0	19	0	0	0	0	1	0	0	0	0	0	0	0	0	0	0	0
ASV1089	0	0	0	0	0	0	0	0	0	17	0	0	0	0	0	0	0	0	0	0	0
ASV1133	0	0	0	0	0	1	0	4	0	0	0	0	0	0	0	0	0	0	0	0	0
ASV1137	0	0	0	0	0	0	0	0	0	0	0	0	3	0	0	15	0	0	0	0	0
ASV1139	0	0	4	10	0	1	0	0	0	0	0	0	0	0	0	0	0	0	0	0	0
ASV1141	0	0	0	0	0	0	0	0	0	0	0	0	19	0	0	0	0	0	0	1	0
ASV1168	0	0	0	16	0	1	0	0	0	0	3	0	0	0	0	0	0	0	0	0	0
ASV1170	0	0	4	0	0	0	0	0	0	0	0	0	0	0	0	0	0	0	14	0	0
ASV1173	2	0	0	0	0	0	0	0	4	7	4	0	3	0	0	0	0	0	0	0	0
ASV1193	0	0	9	0	0	0	0	0	11	0	0	0	0	0	0	0	0	0	0	0	0
ASV1200	0	0	0	0	0	0	0	0	0	0	0	0	0	0	0	0	0	0	0	0	0
ASV1205	0	0	0	0	0	0	0	0	0	0	0	0	0	0	0	0	0	0	0	0	0
ASV1238	0	0	0	0	0	0	0	0	0	0	0	0	0	0	0	0	0	0	0	0	0
ASV1255	0	0	0	0	0	0	3	0	0	6	0	3	0	0	0	0	0	0	0	0	0
ASV1256	0	4	0	0	0	0	0	0	0	5	0	0	0	0	1	0	0	0	10	0	0
ASV1345	2	0	0	0	1	0	0	1	0	0	1	0	0	0	0	1	0	0	0	0	0
ASV1376	1	0	0	0	0	0	0	0	3	0	3	12	0	0	0	0	0	0	0	0	0
ASV1381	0	0	0	0	15	0	0	0	0	0	0	0	4	0	0	0	0	0	0	0	0
ASV1389	0	4	0	0	0	0	0	0	0	0	0	6	2	0	0	0	0	0	3	0	0
ASV1400	0	0	3	0	0	0	0	0	0	0	0	0	0	0	0	0	0	0	0	0	0
ASV1545	0	0	0	0	0	0	0	0	0	0	6	0	0	0	0	0	0	0	0	0	0
ASV1553	0	0	0	3	0	0	0	0	0	0	0	0	5	0	0	0	0	0	0	0	0
ASV1560	0	0	0	0	0	0	0	0	0	0	0	0	19	0	0	0	0	0	0	0	0
ASV1592	0	0	0	0	0	0	0	0	0	0	0	0	3	0	0	0	0	0	0	0	0
ASV1755	1	0	0	0	0	0	2	0	5	0	0	0	0	12	0	0	0	0	0	0	0
ASV1792	5	0	0	0	0	0	0	0	0	0	1	0	1	0	0	0	0	0	0	0	0
ASV1016	0	0	0	0	0	0	0	0	0	0	0	0	0	0	0	0	0	0	0	0	0
ASV1116	0	0	0	0	7	0	0	0	0	0	0	0	0	0	0	0	0	0	0	0	0
ASV1172	6	0	0	0	0	0	0	0	13	0	0	0	0	0	0	0	0	0	0	0	0
ASV1192	0	0	0	0	0	0	0	0	0	0	0	0	2	0	0	0	0	0	0	1	0
ASV1199	0	0	0	0	0	0	0	0	0	0	0	0	1	0	1	17	0	0	0	0	0
ASV1229	0	0	0	0	0	0	0	0	1	0	0	0	6	0	0	0	0	0	0	0	0
ASV1231	0	0	0	0	2	0	0	0	0	0	0	0	0	0	0	0	0	0	0	1	0
ASV1232	0	0	0	0	0	0	0	4	0	0	0	0	12	0	0	0	0	0	0	0	0
ASV1249	0	7	0	0	0	0	4	0	0	0	0	0	0	1	0	0	0	0	0	0	0
ASV1261	0	0	1	0	0	0	0	18	0	0	0	0	0	0	0	0	0	0	0	0	0
ASV1271	0	0	0	0	0	0	0	0	0	0	0	0	0	0	0	0	0	0	18	0	0
ASV1289	0	0	0	0	0	0	5	0	0	0	0	0	0	0	0	0	0	0	0	0	0
ASV1298	0	0	0	0	0	0	0	0	0	0	0	2	0	0	0	0	0	0	0	0	0
ASV1302	0	0	1	0	0	0	0	0	0	0	0	0	0	6	0	0	0	0	0	0	11
ASV1303	0	0	3	0	0	0	0	0	0	0	0	0	0	0	1	0	0	0	1	0	0
ASV1326	0	0	0	0	0	0	2	0	16	0	0	0	0	0	0	0	0	0	0	0	0
ASV1328	0	0	2	0	0	0	0	0	0	0	0	0	0	0	0	0	0	0	0	17	0
ASV1359	1	0	0	0	0	0	0	0	0	0	0	0	0	0	0	0	0	0	0	0	0
ASV1379	2	0	0	5	0	5	0	2	0	3	0	0	1	0	0	0	0	0	0	0	0
ASV1383	0	0	0	0	0	0	0	0	0	0	0	0	5	0	0	0	0	0	0	0	0
ASV1406	0	7	1	0	0	1	0	0	0	0	0	0	0	0	0	8	0	0	0	0	0
ASV1435	0	0	0	0	0	4	0	0	0	0	0	0	0	0	0	0	0	0	0	0	0
ASV1476	0	0	0	0	0	0	5	0	0	0	0	0	0	0	1	0	0	0	13	0	0
ASV1549	0	0	0	0	0	0	0	0	0	0	0	0	2	0	0	5	0	0	0	0	0
ASV1556	0	0	0	0	7	0	1	0	0	0	11	0	0	0	0	0	0	0	0	0	0
ASV1557	2	0	1	1	0	2	3	0	2	0	0	0	2	0	4	1	0	0	0	0	0
ASV1615	0	0	2	0	0	0	0	0	0	0	0	16	0	0	0	0	0	0	0	0	0
ASV1664	0	0	0	0	0	0	0	0	0	0	0	0	0	0	0	0	0	0	0	0	0
ASV1701	0	0	0	0	0	0	0	0	0	0	0	0	0	0	0	0	0	0	0	0	0
ASV1721	0	0	0	0	0	0	0	0	3	0	0	0	0	8	0	0	0	0	8	0	0
ASV1760	0	2	1	0	5	0	0	0	0	0	5	0	0	0	0	0	0	0	0	0	0
ASV1852	0	0	0	0	0	0	8	0	0	0	0	0	0	0	0	0	0	0	0	0	0
ASV1882	0	0	0	0	0	0	0	0	0	0	0	0	4	0	0	0	0	0	0	0	0
ASV1097	0	0	0	0	0	1	0	0	0	0	0	0	0	0	0	0	0	0	17	0	0
ASV1146	0	0	0	0	0	0	0	0	0	0	2	0	0	0	0	0	0	0	0	0	0
ASV1148	0	8	0	0	0	8	1	1	0	0	0	0	0	0	0	0	0	0	0	0	0
ASV1151	0	0	0	0	0	0	0	0	0	0	0	0	11	0	0	0	0	0	0	0	0
ASV1186	0	0	0	0	0	0	0	4	0	0	0	0	0	14	0	0	0	0	0	0	0
ASV1207	0	0	0	0	0	1	9	0	0	0	0	0	0	8	0	0	0	0	0	0	0
ASV1239	0	0	0	0	0	0	0	0	0	0	0	11	6	0	1	0	0	0	0	0	0
ASV1251	0	0	0	0	0	0	0	0	0	0	3	0	0	0	0	0	0	0	0	0	0
ASV1278	0	0	0	0	0	0	0	0	0	0	4	0	0	0	0	0	0	0	0	0	0
ASV1357	1	0	0	0	0	7	0	0	0	0	0	0	0	0	0	0	0	0	0	0	0
ASV1373	0	0	0	0	0	0	0	0	0	0	0	0	0	0	0	0	0	0	0	0	0
ASV1386	3	0	1	0	0	0	0	0	8	0	0	0	0	4	0	0	0	0	0	0	0
ASV1463	0	0	0	0	0	0	0	0	0	0	0	0	2	0	0	16	0	0	0	0	0
ASV1481	5	5	0	0	6	0	2	0	0	0	0	0	0	0	0	0	0	0	0	0	0
ASV1552	0	3	0	2	0	0	0	0	0	0	0	0	0	0	0	0	0	0	0	0	0
ASV1606	0	0	0	0	0	0	0	0	0	0	0	3	0	0	0	0	0	0	0	0	0
ASV1648	0	0	0	0	3	0	0	0	0	0	0	0	0	0	0	0	0	0	0	0	6
ASV1667	1	0	1	0	4	2	0	0	0	0	0	0	0	0	0	0	0	0	0	0	0
ASV1775	0	0	3	2	0	1	1	0	0	0	0	2	0	5	0	0	0	0	0	0	0
ASV1817	0	0	0	0	0	0	0	0	0	0	0	0	2	0	0	0	0	0	0	0	0
ASV1931	0	9	0	0	0	0	0	8	0	1	0	0	0	0	0	0	0	0	0	0	0
ASV1090	0	0	0	0	2	0	0	0	0	0	0	0	0	0	0	0	0	0	0	15	0
ASV1110	0	11	0	0	0	0	0	0	0	0	0	0	0	0	0	0	0	0	0	0	0
ASV1161	0	0	0	0	0	0	16	0	0	0	0	0	0	0	0	0	0	0	0	0	0
ASV1213	0	0	5	0	0	0	0	0	0	0	0	0	0	0	0	4	0	0	0	0	0
ASV1237	0	0	0	5	1	0	0	0	0	0	0	10	0	0	0	0	0	0	0	0	0
ASV1284	0	0	0	0	0	0	0	0	0	0	0	0	0	0	0	16	0	0	0	0	0
ASV1346	5	0	6	0	0	1	1	0	2	0	0	0	0	0	0	0	0	0	2	0	0
ASV1392	0	0	0	0	0	0	0	0	0	0	0	0	0	0	0	0	0	0	1	0	0
ASV1403	0	0	1	0	0	0	0	0	0	0	0	0	0	0	0	0	0	0	0	0	0
ASV1432	8	9	0	0	0	0	0	0	0	0	0	0	0	0	0	0	0	0	0	0	0
ASV1433	6	8	0	0	0	0	0	0	3	0	0	0	0	0	0	0	0	0	0	0	0
ASV1448	0	0	0	0	0	0	0	0	0	0	14	0	0	0	0	0	0	0	0	0	0
ASV1452	0	0	2	0	0	0	0	0	0	0	0	0	0	9	0	0	0	0	0	0	0
ASV1465	0	0	0	0	0	0	0	0	0	0	0	0	0	0	0	0	0	0	0	0	0
ASV1467	0	1	0	0	1	0	0	0	0	0	0	2	0	0	0	11	0	0	0	0	0
ASV1509	10	0	0	2	1	0	0	1	0	0	0	0	0	0	0	0	0	0	0	0	0
ASV1535	0	0	0	3	0	3	0	0	0	3	0	0	1	0	0	0	5	0	0	0	0
ASV1559	0	5	4	0	0	0	0	0	0	0	0	2	0	0	0	0	0	0	0	0	0
ASV1598	0	0	0	0	0	0	0	0	0	0	2	0	0	0	0	0	0	0	0	0	0
ASV1707	0	0	0	0	4	0	0	1	0	0	0	0	0	0	0	10	0	0	0	0	0
ASV1718	1	0	0	0	0	0	0	2	0	0	0	0	0	14	0	0	0	0	0	0	0
ASV1794	0	0	0	0	0	0	0	0	0	0	0	0	5	0	0	0	0	0	0	12	0
ASV1802	0	0	0	0	0	0	2	0	0	0	0	0	0	0	7	0	0	0	0	0	0
ASV1848	0	0	0	0	0	0	0	4	7	0	0	0	0	0	0	0	0	0	0	0	0
ASV1175	11	0	5	0	0	0	0	0	0	0	0	0	0	0	0	0	0	0	0	0	0
ASV1212	0	0	0	0	0	9	0	0	0	0	0	0	0	0	0	0	0	0	0	0	0
ASV1220	0	0	0	0	0	0	0	0	0	0	0	0	10	0	0	0	0	0	0	0	0
ASV1248	0	0	0	0	0	0	0	1	15	0	0	0	0	0	0	0	0	0	0	0	0
ASV1259	0	0	0	0	0	0	0	0	0	0	0	0	0	0	0	0	0	0	0	0	0
ASV1293	0	5	0	0	0	0	0	0	0	0	9	0	0	0	0	0	0	0	0	0	0
ASV1310	13	0	0	0	0	0	0	0	0	0	0	0	0	0	0	0	0	0	0	0	0
ASV1318	1	0	0	4	0	0	0	0	0	0	4	3	0	0	4	0	0	0	0	0	0
ASV1331	0	0	0	0	0	1	0	0	0	0	0	0	0	8	0	0	0	0	0	0	0
ASV1349	4	0	0	0	1	0	0	0	0	0	5	6	0	0	0	0	0	0	0	0	0
ASV1355	0	0	0	0	0	0	0	0	0	0	0	0	0	0	0	0	10	0	0	0	0
ASV1361	0	0	0	0	0	0	0	0	0	0	0	0	6	0	0	0	0	0	0	0	0
ASV1396	2	2	0	0	0	0	0	6	0	0	0	2	0	0	0	0	0	0	0	0	0
ASV1402	0	0	0	0	0	0	0	5	0	0	0	11	0	0	0	0	0	0	0	0	0
ASV1420	2	0	0	0	0	6	0	0	5	0	0	0	3	0	0	0	0	0	0	0	0
ASV1462	0	0	0	0	0	0	0	0	0	10	0	0	0	0	0	0	0	0	0	0	0
ASV1489	10	0	0	0	0	0	0	0	5	0	0	0	0	0	0	0	0	0	0	0	0
ASV1492	0	0	0	6	0	0	0	0	0	0	0	0	0	0	0	0	0	0	0	0	0
ASV1525	0	0	0	7	0	3	0	0	0	0	0	0	0	0	0	0	0	0	0	0	5
ASV1528	0	0	0	0	0	0	0	0	0	0	0	0	0	0	0	0	0	0	0	0	6
ASV1534	0	0	0	0	0	0	0	0	0	0	0	0	0	0	0	0	0	0	0	0	0
ASV1611	0	0	0	0	0	0	0	0	0	0	0	0	0	0	0	7	0	0	9	0	0
ASV1702	5	0	1	0	0	0	0	0	0	0	0	0	1	0	0	0	0	0	0	0	0
ASV1734	0	0	2	2	0	0	0	0	0	0	8	0	0	0	0	0	0	0	0	4	0
ASV1761	0	0	0	0	0	6	1	0	0	0	5	0	0	0	0	0	0	0	0	0	0
ASV1842	0	0	0	0	0	0	0	0	0	0	0	0	0	0	0	0	0	0	0	0	0
ASV1862	0	0	3	11	0	0	0	0	0	0	0	0	0	0	1	0	0	0	0	0	0
ASV1920	5	0	3	3	0	0	0	0	0	0	5	0	0	0	0	0	0	0	0	0	0
ASV1227	0	0	0	0	0	0	0	0	0	0	0	0	0	5	0	0	0	0	0	0	0
ASV1228	0	0	0	0	0	0	0	8	0	0	7	0	0	0	0	0	0	0	0	0	0
ASV1240	0	0	0	0	0	0	0	0	0	0	0	0	0	0	0	0	0	0	0	0	0
ASV1288	0	0	0	0	0	0	0	0	0	0	0	14	1	0	0	0	0	0	0	0	0
ASV1313	0	0	0	0	0	13	0	0	0	0	0	0	0	0	0	0	0	0	0	0	0
ASV1356	0	0	0	0	5	0	0	0	0	0	0	0	0	10	0	0	0	0	0	0	0
ASV1388	0	0	0	7	0	0	0	0	0	0	3	0	0	0	0	0	0	0	0	5	0
ASV1395	0	0	0	0	0	0	0	0	0	0	0	6	0	0	0	0	0	0	0	0	0
ASV1438	0	0	0	0	0	0	0	1	0	0	14	0	0	0	0	0	0	0	0	0	0
ASV1443	0	0	0	7	0	5	3	0	0	0	0	0	0	0	0	0	0	0	0	0	0
ASV1446	9	0	0	0	2	0	2	1	0	0	0	0	0	0	0	0	0	0	0	0	0
ASV1447	0	0	0	5	0	0	0	0	0	0	0	0	0	0	1	0	0	0	0	0	0
ASV1491	13	0	0	0	0	0	0	0	0	0	0	0	0	2	0	0	0	0	0	0	0
ASV1497	0	0	1	0	0	1	0	0	0	0	0	0	0	0	0	0	0	0	0	0	0
ASV1507	0	0	0	0	0	0	0	12	0	0	0	0	0	0	0	0	0	0	0	0	0
ASV1511	0	0	0	0	8	0	0	0	0	0	0	0	0	0	0	0	0	0	0	0	0
ASV1512	0	0	0	1	0	0	0	2	0	0	0	0	0	0	0	0	0	0	0	0	0
ASV1514	0	0	0	0	0	0	0	0	2	0	0	0	0	9	0	0	0	0	0	4	0
ASV1515	0	0	0	0	0	0	0	0	0	0	0	0	0	0	0	0	0	0	0	0	0
ASV1546	0	0	0	0	0	0	0	0	0	0	0	0	0	4	0	0	0	0	0	0	0
ASV1601	0	0	3	0	0	0	0	0	0	0	0	0	0	0	8	0	0	0	0	0	0
ASV1614	0	0	0	0	0	0	6	0	0	0	0	0	0	0	0	0	0	0	0	0	0
ASV1703	0	0	1	0	0	0	0	0	0	0	0	0	0	0	0	0	0	0	0	0	1
ASV1719	0	0	5	0	0	1	0	2	0	0	1	0	0	0	4	2	0	0	0	0	0
ASV1779	0	0	0	0	0	0	0	0	3	12	0	0	0	0	0	0	0	0	0	0	0
ASV1900	5	0	0	0	0	0	10	0	0	0	0	0	0	0	0	0	0	0	0	0	0
ASV1929	0	0	2	0	0	0	0	0	0	0	13	0	0	0	0	0	0	0	0	0	0
ASV1291	0	0	0	0	0	0	9	0	5	0	0	0	0	0	0	0	0	0	0	0	0
ASV1292	0	0	0	12	0	0	1	0	0	0	0	0	1	0	0	0	0	0	0	0	0
ASV1319	10	0	0	0	0	0	0	0	0	0	0	0	0	0	0	0	0	0	0	0	0
ASV1327	0	0	0	0	0	0	0	3	0	0	11	0	0	0	0	0	0	0	0	0	0
ASV1384	0	0	0	0	0	0	0	0	0	0	0	0	0	0	0	0	0	0	0	0	0
ASV1409	0	0	0	6	1	0	0	0	0	0	0	5	0	1	0	0	0	0	0	0	0
ASV1429	0	0	0	0	0	0	0	0	0	0	0	0	0	2	0	0	0	0	0	0	0
ASV1442	0	0	0	0	0	0	0	0	0	0	0	0	0	0	0	0	0	0	0	0	0
ASV1451	0	0	0	0	0	2	0	0	0	0	0	12	0	0	0	0	0	0	0	0	0
ASV1458	0	0	0	0	0	0	2	2	0	0	0	0	0	0	0	5	0	0	0	0	0
ASV1477	0	0	1	1	8	1	2	0	0	0	1	0	0	0	0	0	0	0	0	0	0
ASV1503	0	2	0	0	0	0	0	0	12	0	0	0	0	0	0	0	0	0	0	0	0
ASV1530	8	0	0	0	0	0	0	0	0	0	0	0	6	0	0	0	0	0	0	0	0
ASV1540	4	0	0	0	0	0	0	0	0	0	3	2	0	0	0	0	5	0	0	0	0
ASV1585	1	4	2	0	0	0	0	0	1	0	0	0	0	0	2	0	0	0	0	0	0
ASV1646	0	0	0	5	0	3	0	0	0	0	0	0	0	0	0	0	0	0	0	0	0
ASV1656	2	0	0	0	0	0	0	0	0	0	0	0	0	0	0	0	0	0	0	0	12
ASV1665	0	0	0	0	0	0	0	0	0	0	0	0	0	0	0	0	0	0	0	0	0
ASV1666	8	0	0	0	0	0	0	0	0	0	0	0	0	0	0	0	0	0	0	0	0
ASV1774	0	0	0	0	0	0	0	0	0	0	0	0	0	0	0	0	0	0	0	0	0
ASV1783	0	0	0	0	0	0	0	0	0	0	0	0	0	0	0	0	0	0	10	0	0
ASV1795	0	0	0	0	0	0	0	0	0	0	0	0	0	0	0	0	0	0	0	0	0
ASV1324	0	0	0	0	0	7	0	0	0	0	6	0	0	0	0	0	0	0	0	0	0
ASV1339	0	0	0	0	0	0	0	0	0	0	0	0	0	0	0	0	0	0	0	0	0
ASV1382	0	0	0	1	0	0	0	7	0	0	0	0	0	0	0	0	0	0	0	0	0
ASV1418	0	8	0	0	0	0	0	0	0	0	0	0	0	0	0	0	0	0	0	0	0
ASV1466	0	0	0	0	0	0	0	5	8	0	0	0	0	0	0	0	0	0	0	0	0
ASV1482	0	0	0	0	0	0	0	0	0	0	10	0	0	0	0	0	0	0	0	0	0
ASV1495	0	0	0	10	0	0	0	0	0	0	0	0	0	0	0	0	0	0	0	0	0
ASV1566	0	0	0	0	0	0	0	0	0	0	0	1	0	0	0	12	0	0	0	0	0
ASV1626	0	0	12	0	0	0	0	0	0	0	0	0	1	0	0	0	0	0	0	0	0
ASV1632	0	0	0	0	0	0	0	0	0	0	0	0	0	0	0	0	0	0	0	0	0
ASV1639	0	0	0	0	8	0	0	0	0	0	5	0	0	0	0	0	0	0	0	0	0
ASV1642	0	0	0	0	0	0	0	0	0	0	0	0	0	0	0	0	0	0	10	0	0
ASV1661	0	0	2	0	2	0	0	0	1	0	0	0	0	0	0	0	0	0	0	1	1
ASV1670	0	0	2	0	0	0	0	0	0	0	0	0	0	0	0	0	0	0	0	0	11
ASV1720	2	0	3	0	0	0	0	0	0	0	0	0	0	0	8	0	0	0	0	0	0
ASV1722	1	0	0	0	0	0	0	0	0	0	0	0	0	0	0	0	0	0	12	0	0
ASV1763	0	0	0	0	0	0	0	0	0	0	4	0	7	0	0	0	0	0	0	0	0
ASV1769	0	10	0	0	0	0	0	0	0	0	0	0	0	0	0	0	0	0	0	0	0
ASV1785	0	0	0	0	0	0	0	0	0	0	0	0	0	0	0	0	0	0	0	0	0
ASV1833	0	0	1	1	2	0	2	2	1	0	0	0	1	0	2	0	0	0	0	0	0
ASV1840	0	0	0	0	0	0	0	0	10	0	0	0	0	3	0	0	0	0	0	0	0
ASV1847	0	0	0	0	5	0	0	0	8	0	0	0	0	0	0	0	0	0	0	0	0
ASV1881	0	0	0	0	0	0	0	0	0	0	0	0	0	0	0	0	0	0	0	0	0
ASV1912	0	6	2	5	0	0	0	0	0	0	0	0	0	0	0	0	0	0	0	0	0
ASV1927	0	0	0	0	0	0	0	0	0	7	0	0	6	0	0	0	0	0	0	0	0
ASV1393	0	0	0	0	0	0	0	0	4	0	0	0	0	0	0	0	0	0	0	0	0
ASV1425	0	0	0	0	0	0	0	0	0	0	0	0	0	10	0	0	0	0	0	0	0
ASV1498	0	2	0	0	0	0	1	0	0	0	0	0	0	0	9	0	0	0	0	0	0
ASV1529	0	0	0	5	0	0	0	0	0	0	0	5	0	0	0	0	0	0	0	0	0
ASV1532	0	0	0	0	0	0	0	0	0	0	0	0	0	0	0	0	0	0	0	0	0
ASV1542	0	0	0	0	0	1	0	2	0	0	0	0	2	0	0	0	0	0	2	0	0
ASV1568	0	0	0	0	0	0	0	0	0	9	2	0	0	0	0	0	0	0	0	0	0
ASV1571	0	1	0	0	0	0	0	0	0	0	0	3	0	0	0	0	0	0	0	0	0
ASV1583	0	4	0	0	0	0	0	0	0	0	0	0	0	3	0	0	0	0	0	0	0
ASV1589	0	0	0	0	0	0	0	4	0	0	0	0	1	7	0	0	0	0	0	0	0
ASV1622	0	0	0	0	0	0	0	0	0	0	0	0	8	0	0	0	0	0	0	0	0
ASV1679	0	0	0	0	0	0	0	0	0	0	0	2	8	2	0	0	0	0	0	0	0
ASV1680	0	0	0	0	0	0	0	0	0	0	0	0	9	0	0	0	0	0	0	0	0
ASV1681	0	0	0	0	0	0	0	0	0	0	0	0	6	0	0	0	0	0	0	0	0
ASV1717	0	0	1	0	0	4	0	1	0	0	0	0	0	6	0	0	0	0	0	0	0
ASV1772	11	0	0	0	0	0	0	0	0	0	0	0	0	0	0	0	0	0	0	0	0
ASV1820	0	0	0	5	0	0	0	0	0	0	0	0	4	0	0	0	0	0	0	0	0
ASV1825	0	7	3	0	0	0	0	0	1	0	0	1	0	0	0	0	0	0	0	0	0
ASV1898	0	0	0	0	0	0	0	0	0	0	0	0	0	0	0	0	0	0	0	11	0
ASV1921	0	0	0	0	0	0	0	0	0	0	0	0	1	0	0	0	0	0	0	0	0
ASV54	0	0	0	1	0	0	1	0	0	0	0	0	0	0	0	0	0	0	0	0	0
ASV1524	0	0	3	0	5	2	0	0	0	0	0	0	0	0	0	0	0	0	0	0	1
ASV1538	2	0	0	5	0	0	0	0	0	0	0	0	0	0	0	0	0	0	0	0	0
ASV1587	0	0	0	0	0	0	0	0	2	0	4	0	0	0	0	0	0	0	0	0	0
ASV1640	0	0	1	0	0	0	0	0	0	0	0	1	0	1	0	0	0	0	0	0	3
ASV1647	0	0	0	0	0	0	0	0	0	0	0	0	1	0	0	0	0	0	0	0	0
ASV1739	0	0	0	0	0	0	0	0	0	0	0	0	1	0	0	0	0	0	0	0	0
ASV1751	0	0	0	0	0	2	0	0	0	0	0	0	0	0	0	0	0	0	0	0	0
ASV1762	0	0	0	0	1	0	0	0	0	0	1	0	0	0	0	1	0	0	2	0	0
ASV1771	0	5	0	0	4	0	1	0	0	0	0	0	0	0	0	0	0	0	0	0	0
ASV1781	0	0	0	0	0	0	0	0	0	0	0	0	0	0	0	0	0	0	8	0	0
ASV1823	8	0	0	0	0	0	0	0	0	0	2	0	1	0	0	0	0	0	0	0	0
ASV1844	0	0	0	0	0	0	0	0	0	0	0	0	0	0	0	0	0	0	0	0	0
ASV1866	0	0	0	0	7	0	0	4	0	0	0	0	0	0	0	0	0	0	0	0	0
ASV1868	0	0	0	7	0	0	0	0	1	0	3	0	0	0	0	0	0	0	0	0	0
ASV1869	0	0	5	0	0	0	0	0	0	0	0	0	0	5	0	0	1	0	0	0	0
ASV1889	0	0	0	0	0	0	0	0	0	0	0	0	0	0	0	0	0	0	0	0	0
ASV1924	0	0	0	0	0	0	0	0	3	0	0	0	0	0	0	0	0	0	8	0	0
ASV439	1	0	0	0	0	1	0	1	0	0	0	0	8	0	0	0	0	0	0	0	0
ASV1605	0	0	0	0	0	0	0	0	0	0	0	0	0	0	0	0	0	0	0	0	0
ASV1713	0	0	0	0	0	0	0	0	3	0	0	0	0	0	0	0	7	0	0	0	0
ASV1715	0	0	0	0	0	2	0	0	0	0	0	0	0	8	0	0	0	0	0	0	0
ASV1736	0	0	0	0	0	0	0	0	0	0	0	0	0	0	0	0	1	0	0	0	9
ASV1738	0	0	0	0	0	0	0	0	0	0	0	0	0	4	0	6	0	0	0	0	0
ASV1748	0	0	0	0	0	0	0	0	0	0	0	0	0	0	0	9	0	0	0	0	0
ASV1798	0	0	0	0	0	0	0	0	0	0	0	0	0	0	0	0	9	0	0	0	0
ASV1808	0	0	3	0	0	0	0	0	0	0	0	0	1	0	0	6	0	0	0	0	0
ASV1846	0	0	0	0	0	0	5	5	0	0	0	0	0	0	0	0	0	0	0	0	0
ASV1883	0	0	4	0	0	0	0	0	0	0	0	5	0	0	1	0	0	0	0	0	0
ASV1906	3	0	0	3	0	4	0	0	0	0	0	0	0	0	0	0	0	0	0	0	0
ASV1917	0	0	0	0	0	0	0	0	0	0	0	9	0	0	0	0	0	0	0	0	0
ASV1928	0	0	0	0	0	0	0	1	0	0	9	0	0	0	0	0	0	0	0	0	0
ASV75	0	0	0	0	1	0	0	0	0	0	0	0	0	0	0	0	0	0	0	0	0
ASV1818	0	0	0	0	0	0	0	0	0	0	0	0	8	1	0	0	0	0	0	0	0
ASV1831	0	0	0	0	0	0	0	0	0	0	0	0	0	0	0	0	0	0	0	0	0
ASV1861	0	0	6	0	0	0	0	0	3	0	0	0	0	0	0	0	0	0	0	0	0
ASV1903	0	8	1	0	0	0	0	0	0	0	0	0	0	0	0	0	0	0	0	0	0
ASV1913	0	7	0	0	0	2	0	0	0	0	0	0	0	0	0	0	0	0	0	0	0
ASV1930	0	1	0	0	0	1	0	1	0	1	0	0	0	0	0	0	0	0	0	0	1
ASV1859	0	0	0	0	3	0	0	0	5	0	0	0	0	0	0	0	0	0	0	0	0
ASV1867	0	0	0	4	0	0	0	0	0	0	0	0	0	0	0	0	0	0	0	0	0
ASV296	1	0	0	0	2	0	0	0	0	0	1	0	0	1	0	0	0	0	0	0	0
																					
