Genus	A.0	A.1	A.11	A.12	A.13	A.14	A.15	A.16	A.17	A.2	A.20	A.21	A.23	A.24	A.25	A.26	A.27	A.28	A.29	A.3	A.30	A.32	A.34	A.4	A.5	A.6	A.7	A.8	A.9	BS.2	CS.2	G.1	G.2	G.3	G.4	G.5	GR.01	LW.1	T.1	All
Unassigned	37.8	30.3	22.1	20.2	18.3	19.8	16.8	15.4	13.5	23.4	13	13.8	13	17.2	17.7	17.3	20.5	19.4	27.3	28.1	26.4	28.8	21.3	26	23.2	25.7	23.7	19.4	19.3	24.2	37.8	44.9	50.6	36.5	41.9	48.3	31.1	48.6	29	52.8
Pseudomonas	3.52	9.39	17.4	17.1	20	16.9	19.1	23.1	16.1	28.1	22.5	26.9	17.3	17.3	17.2	15.3	14.4	15.2	17.8	19.5	14.2	16.2	19.6	20.3	20.7	17.8	18.4	23.4	22.5	12.6	11.1	7.65	11.4	13.2	13.4	22.9	14.3	9.59	4.43	2.1
Flavobacterium	5.78	3.47	1.65	2.34	2.18	2.68	3.12	2.33	2.18	1.88	1.95	2.42	2.45	3.27	4.21	3.82	3.72	1.87	2.86	3.06	1.04	4.03	1.57	2.23	2.33	2.42	1.8	1.41	1.87	10.5	4.45	0.32	0.0876	0.629	0.48	0.0457	1.46	0.373	1.55	2.1
Nocardioides	1.73	3.78	2.62	2.64	2.64	2.63	1.73	2.23	3.13	2.83	2.69	1.84	2.49	4.03	3.65	3.16	3.02	3.19	4.1	3.36	4.04	3.88	3.21	2.73	2.68	2.79	3.42	2.52	2.08	2.55	2.6	3.95	3.6	3.93	3.68	1.2	8.79	3.61	1.52	2.0
Planctomyces	0.663	0.21	0.19	0.152	0.0952	0.126	0.0876	0.0914	0.0648	0.175	0.0229	0.0381	0.0343	0.0267	0.0495	0.0381	0.0686	0.08	0.0991	0.236	0.0914	0.164	0.221	0.229	0.171	0.145	0.145	0.0838	0.0571	0.0762	0.206	1.33	1.07	0.865	0.621	0.812	0.385	1.94	0.16	1.4
Flavisolibacter	2.69	0.907	0.625	0.724	0.697	0.758	0.857	0.933	1.3	0.766	1.38	1.87	4.14	4.63	6.67	7.42	10.6	9.73	5.85	1.1	5.91	4.61	2.9	0.949	0.876	0.949	0.766	0.728	0.674	3.37	3.78	0.899	0.377	0.56	0.69	0.29	0.179	1.1	0.773	1.4
Sphingomonas	1.24	1.16	0.579	0.564	0.503	0.541	0.347	0.434	0.469	0.728	0.331	0.297	0.328	0.541	0.613	0.693	0.716	0.751	0.564	0.987	0.488	0.495	0.305	0.728	0.659	0.575	0.461	0.45	0.484	0.343	0.305	0.77	0.29	0.903	0.652	0.19	0.396	0.911	0.351	1.4
Arthrobacter	5.39	8.71	10.8	11.1	10.7	10.6	9.18	8.43	10.7	7.75	13.6	12.2	4.16	5.38	4.58	3.44	2.3	3.24	2.39	8.41	3.17	3.03	6.17	9.76	9.24	9.45	10.1	10.3	10.7	7.2	5.13	13.3	7.99	14.8	14.5	9.65	20.1	5.38	13.2	1.0
Adhaeribacter	1.2	0.457	0.507	0.484	0.385	0.411	0.632	0.442	0.758	0.366	0.56	0.827	10.5	9.32	7.48	7.9	5.92	7.61	3.67	0.45	5.63	4.6	4.31	0.373	0.267	0.366	0.312	0.381	0.278	0.732	1.32	0.168	0.0533	0.0991	0.145	0.0343	0.0419	0.0571	0.061	1.0
Pirellula	0.575	0.133	0.126	0.0991	0.0648	0.0991	0.103	0.0419	0.0305	0.16	0.0114	0.00762	0.019	0.0571	0	0.0114	0.0229	0.0267	0.0381	0.149	0.019	0.0457	0.16	0.149	0.114	0.126	0.103	0.0648	0.0686	0.0495	0.0762	0.972	0.846	0.56	0.434	0.244	0.358	1.04	0.183	0.9
Blastocatella	1.62	0.415	0.225	0.183	0.183	0.152	0.225	0.232	0.179	0.309	0.114	0.137	0.164	0.263	0.324	0.255	0.484	0.61	0.511	0.408	0.423	0.636	0.29	0.331	0.301	0.305	0.164	0.171	0.202	0.255	0.389	1.07	0.861	0.674	0.533	0.206	0.339	1.7	0.419	0.9
Pedobacter	2.09	1.16	0.96	0.975	0.972	1.09	1.34	1.22	1.97	0.724	1.41	1.58	2.01	2.58	2.33	1.68	1.65	1.47	1.8	0.994	2.92	2.24	6.51	0.926	0.952	1.12	0.751	1.06	0.872	1.97	4.04	0.08	0.0952	0.213	0.0838	0.0229	1.78	0.29	0.244	0.7
Pontibacter	2.51	1.47	1.94	1.88	1.91	1.61	2.78	2.03	3.59	1.55	4.88	5.29	1.74	1.7	1.71	1.78	0.903	1.38	0.404	1.19	0.518	0.853	0.812	1.07	0.979	1.24	1.37	1.36	1.32	0.149	0.339	0.0914	0.00762	0.198	0.061	0.00381	0.00381	0.175	1.46	0.7
Paenibacillus	0.24	0.278	0.168	0.122	0.0648	0.122	0.145	0.114	0.0991	0.183	0.0952	0.21	0.183	0.541	0.194	0.152	0.114	0.229	0.194	0.152	0.0838	0.103	0.244	0.126	0.213	0.137	0.164	0.107	0.133	0.0305	0.0457	0.0762	0.08	0.107	0.126	0.331	0.0457	0.16	0.0724	0.7
Bdellovibrio	0.221	0.0571	0.0305	0.0152	0.0381	0.019	0.0229	0.019	0.0343	0.0419	0.0152	0.0229	0.0533	0.145	0.206	0.472	1.15	0.792	0.785	0.0533	0.648	0.789	0.354	0.0533	0.0571	0.0571	0.019	0.0229	0.0343	0.263	0.309	0.0952	0.133	0.118	0.0876	0.232	0.0991	0.187	0.0419	0.7
Opitutus	0.431	0.11	0.0648	0.0381	0.0533	0.019	0.061	0.0648	0.0381	0.0686	0.00762	0.0114	0.00381	0.019	0.019	0.0152	0.0762	0.118	0.0571	0.137	0.0914	0.396	0.32	0.13	0.11	0.118	0.0571	0.0343	0.0533	0.0914	0.118	0.271	0.495	0.206	0.19	0.171	0.37	0.309	0.0495	0.6
Devosia	0.903	0.667	0.617	0.678	0.533	0.686	0.522	0.625	0.747	0.533	0.583	0.465	1.88	3.49	3.79	3.78	3.09	2.95	3.91	0.724	4.1	4.2	3.23	0.579	0.579	0.61	0.533	0.503	0.594	2.72	3.16	0.808	0.659	0.61	0.427	0.213	0.952	0.663	0.594	0.6
Pir4_lineage	0.358	0.13	0.156	0.0991	0.0533	0.107	0.0381	0.0686	0.0343	0.0991	0.0114	0.019	0.0152	0.019	0.00381	0.061	0.0267	0.0571	0.0419	0.16	0.0952	0.103	0.126	0.133	0.141	0.152	0.103	0.0762	0.08	0.0495	0.0686	0.339	0.682	0.324	0.472	0.419	0.309	0.514	0.0571	0.6
Polycyclovorans	0.434	0.335	0.267	0.156	0.137	0.183	0.0991	0.0762	0.0152	0.152	0.00762	0	0	0	0	0.0114	0.00381	0.00381	0.00381	0.312	0.00381	0.00381	0.00762	0.278	0.213	0.29	0.259	0.107	0.137	0	0	0.335	0.754	0.751	0.831	2.26	0.107	0.229	0.0305	0.6
Rubellimicrobium	0.13	0.339	0.282	0.217	0.225	0.251	0.179	0.183	0.08	0.278	0.0914	0.0991	0.0343	0.0457	0.0495	0.0724	0.0343	0.0229	0.0419	0.32	0.08	0.0457	0.0686	0.255	0.183	0.236	0.225	0.244	0.263	0.0229	0.0343	0.0419	0.0229	0.114	0.114	0.00762	0.019	0.0267	0.0876	0.5
Brevundimonas	0.32	0.316	0.282	0.271	0.274	0.248	0.297	0.312	0.446	0.229	0.541	0.446	2.03	2.48	3.46	3.35	3.28	2.48	2.45	0.263	1.63	1.63	1.17	0.274	0.278	0.183	0.217	0.213	0.278	2.32	1.73	0.0229	0.0533	0.164	0.0495	0.0267	0.137	0.061	0.194	0.5
Peredibacter	0.347	0.156	0.0838	0.0533	0.0686	0.0571	0.0686	0.0267	0.0305	0.118	0.11	0.347	0.705	0.724	0.732	0.309	0.446	0.278	0.351	0.141	0.545	0.693	0.286	0.0952	0.08	0.122	0.0724	0.0686	0.0724	0.545	0.606	0.0381	0.019	0.0267	0.00762	0.0114	0.0343	0.0419	0.00381	0.5
Massilia	2.11	2.48	3.98	3.81	3.6	4.16	4.96	3.7	3.31	1.78	3.11	2.35	1.23	0.773	0.8	0.476	0.316	0.324	0.213	1.99	0.282	0.271	0.419	2.55	2.32	2.91	2.96	1.97	2.27	1.33	0.705	0.629	0.145	1.25	0.549	0.141	0.0914	0.236	0.732	0.5
Bacillus	0.404	0.434	0.457	0.522	0.366	0.431	0.446	0.373	0.309	0.358	0.217	0.19	0.0152	0.019	0.0343	0.00381	0.0343	0.0114	0.0152	0.442	0.019	0.0114	0.0152	0.442	0.301	0.404	0.518	0.4	0.358	0.0152	0.0343	2	1.81	2.41	2.89	1.26	0.11	0.377	0.583	0.4
Chryseobacterium	0.251	0.213	0.168	0.335	0.373	0.389	0.461	0.411	0.842	0.103	0.45	0.545	0.842	0.834	0.964	1.42	1.06	1.39	1.61	0.202	0.552	0.64	0.385	0.114	0.305	0.149	0.19	0.339	0.286	4.02	1.56	0.0267	0.373	0.0419	0.0229	0.0495	0.152	0.0495	1.23	0.4
Chthoniobacter	0.354	0.0914	0.0533	0.0305	0.0381	0.0381	0.0419	0.0419	0.0229	0.08	0.0229	0.00762	0.0229	0.0457	0.0419	0.0876	0.118	0.137	0.168	0.08	0.206	0.145	0.08	0.0952	0.0419	0.0762	0.061	0.0229	0.0381	0.0419	0.0381	0.0762	0.175	0.11	0.0724	0.347	0.0838	0.141	0.0152	0.4
Dyadobacter	2.26	0.888	0.709	0.64	0.533	0.697	0.781	0.762	1.51	0.495	1.99	2.4	0.785	1.25	1.39	1.2	1.55	1.84	1.91	0.709	3.63	2.16	1.58	0.575	0.571	0.827	0.629	0.808	0.682	1.85	3.31	0.301	1.23	0.312	0.381	0.32	1.32	0.457	0.594	0.4
Fluviicola	0.899	0.316	0.156	0.114	0.107	0.107	0.0686	0.0686	0.0267	0.194	0.00381	0.00381	0.0267	0.00762	0.0152	0.0114	0.00762	0.00762	0.00381	0.263	0.00762	0.00762	0.0114	0.236	0.202	0.171	0.168	0.0876	0.0952	0	0	0.0305	0.141	0.0457	0.0343	0.0457	0.133	0.0381	0.00381	0.4
Rhizobium	0.453	0.32	0.255	0.324	0.255	0.278	0.263	0.244	0.343	0.244	0.21	0.179	0.453	0.533	0.415	0.678	0.518	0.652	0.804	0.286	0.686	0.709	0.461	0.236	0.21	0.312	0.225	0.16	0.278	0.674	0.659	0.671	0.735	0.438	0.232	0.194	2.65	0.431	0.164	0.4
Lysobacter	0.156	0.343	0.267	0.244	0.309	0.301	0.389	0.568	0.522	0.225	0.644	0.404	1.24	2.06	2.42	2.68	1.87	1.98	1.71	0.198	1.18	1.13	0.476	0.225	0.263	0.21	0.24	0.263	0.232	1.74	0.979	0.0114	0.00762	0.0305	0.0267	0.00762	0.0114	0.019	0.0343	0.4
Segetibacter	0.244	0.0686	0.0343	0.0724	0.0648	0.0457	0.061	0.08	0.103	0.0267	0.0229	0.0267	0.0229	0.0495	0.0343	0.0305	0.061	0.0571	0.0686	0.0762	0.0343	0.08	0.0381	0.0267	0.0267	0.0419	0.0457	0.0343	0.0381	0.00381	0.0343	0.206	0.179	0.19	0.168	0.061	0.0152	0.229	0.122	0.4
Iamia	0.19	0.259	0.118	0.0724	0.0648	0.0876	0.0724	0.0686	0.0267	0.179	0.0267	0.00762	0.0152	0.019	0.0267	0.019	0.0305	0.0267	0.0305	0.198	0.0152	0.0457	0.0457	0.156	0.168	0.126	0.168	0.0762	0.0724	0.019	0.0229	0.187	0.29	0.194	0.213	0.217	0.19	0.568	0.061	0.4
Haliangium	0.0724	0.0876	0.0381	0.0152	0.0267	0.0457	0.0267	0.0229	0.00381	0.0419	0.00381	0.00381	0.00381	0	0.00381	0	0.00381	0	0	0.0838	0	0	0.019	0.0648	0.0762	0.0571	0.0571	0.0114	0.0343	0	0.0114	0.118	0.45	0.16	0.149	0.282	0.0343	0.0686	0.0152	0.4
Novosphingobium	0.168	0.118	0.179	0.118	0.08	0.0991	0.122	0.0686	0.0876	0.137	0.0648	0.0419	0.019	0.0419	0.0495	0.0419	0.0686	0.11	0.0343	0.149	0.0533	0.0305	0.0343	0.0952	0.0914	0.11	0.0838	0.08	0.103	0.152	0.061	0.0952	0.0305	0.0838	0.0343	0.00381	0.0952	0.0305	0.0381	0.4
Sphingobacterium	0.408	0.732	0.278	0.431	0.431	0.571	0.617	0.61	1	0.267	0.678	0.933	1.48	2.15	1.14	1.23	0.815	0.792	0.472	0.453	0.754	0.652	1.09	0.366	0.484	0.415	0.236	0.442	0.328	2.71	1.11	0.00762	0	0	0.00381	0	0.00381	0.236	0.789	0.4
Solirubrobacter	0.0571	0.118	0.107	0.0533	0.0724	0.0724	0.0648	0.0381	0.0267	0.0876	0.019	0.019	0.0114	0.0114	0.00762	0.0114	0.00381	0.00762	0.0114	0.13	0.0114	0.0152	0.0267	0.0914	0.0838	0.107	0.0533	0.0724	0.0762	0	0.00381	0.354	0.0991	0.511	0.347	0.103	0.202	0.183	0.0533	0.3
Acinetobacter	0.766	3.78	5.35	7.86	8.21	7.88	9.44	9.04	8.95	2.42	6.82	5.85	8.19	0.484	0.278	0.423	0.316	0.53	0.251	1.4	0.164	0.141	0.297	1.4	1.8	2.11	2.77	5.43	5.9	1.26	0.267	0.0114	0.019	0.00762	0.0419	0.0152	0.0305	0.0267	3.42	0.3
Nitrospira	0.164	0.103	0.0914	0.0267	0.0571	0.0419	0.0267	0.0419	0.0229	0.122	0	0.0114	0.00381	0.00381	0.0114	0.00381	0.0152	0	0	0.0952	0.0152	0	0.00762	0.118	0.0876	0.0533	0.0457	0.0381	0.0533	0.00762	0.0152	0.499	0.792	0.377	0.301	0.385	0.11	1.08	0.0419	0.3
Microbacterium	0.377	1.3	1.25	1.32	1.23	1.23	0.972	1.07	1.04	0.85	1.34	1.15	1.05	1.33	1.08	1.22	0.747	0.892	0.838	1.1	1.25	0.899	1.54	1.18	0.964	1.08	1.23	0.937	1.13	1.31	0.892	0.259	0.171	0.446	0.461	0.0762	0.446	0.415	0.747	0.3
Mycobacterium	0.0952	0.114	0.133	0.152	0.0914	0.08	0.0419	0.061	0.0762	0.118	0.061	0.0152	0.0229	0.0457	0.061	0.0762	0.0495	0.0533	0.0381	0.0952	0.0343	0.061	0.0724	0.0876	0.0991	0.156	0.137	0.0724	0.0686	0.0495	0.0495	0.0495	0.0152	0.0457	0.061	0.0381	0.0838	0.232	0.0419	0.3
Nibribacter	0.64	0.274	0.385	0.362	0.248	0.335	0.423	0.282	0.358	0.179	0.373	0.263	0.0571	0.0648	0.0991	0.0571	0.0571	0.118	0.0343	0.21	0.0876	0.0381	0.114	0.278	0.32	0.377	0.263	0.271	0.194	0.0152	0.0381	0.171	0	0.118	0.0495	0.00762	0.00381	0.00762	0.0152	0.3
Herpetosiphon	0.107	0.0876	0.0457	0.0419	0.0229	0.0419	0.0343	0.0114	0.00381	0.0381	0.019	0.0343	0.00762	0.0152	0.019	0.019	0.0381	0.0571	0.118	0.0343	0.0876	0.404	0.118	0.0571	0.0419	0.0495	0.0533	0.0305	0.0343	0.0571	0.0571	0.0495	0.061	0.0571	0.0876	0	0.0152	0.0914	0.0343	0.3
Variibacter	0.0876	0.137	0.0533	0.019	0.0495	0.0381	0.0495	0.0343	0.0152	0.0686	0.00762	0	0.00381	0.00381	0.00762	0.0114	0.019	0.0229	0.0114	0.0419	0.019	0.00762	0.019	0.08	0.0305	0.0495	0.0457	0.0343	0.0343	0.019	0.0114	0.316	0.331	0.107	0.156	0.164	0.328	0.396	0.0381	0.2
Gaiella	0.0495	0.183	0.0762	0.0648	0.0533	0.0533	0.0229	0.0343	0.0152	0.0991	0.00381	0.0152	0.00381	0	0.0152	0	0	0	0.0114	0.156	0.00381	0.00381	0.00381	0.0914	0.103	0.0762	0.114	0.0648	0.0876	0	0	0.0533	0.0686	0.118	0.0914	0.0533	0.00381	0.0457	0.0152	0.2
Mesorhizobium	0.0571	0.118	0.145	0.0533	0.0457	0.0724	0.0305	0.0419	0.0305	0.0648	0.0381	0.0381	0.0229	0.0648	0.0838	0.156	0.164	0.152	0.225	0.0991	0.198	0.229	0.19	0.11	0.08	0.0686	0.061	0.061	0.08	0.0952	0.16	0.0952	0.194	0.114	0.0762	0.107	0.141	0.0876	0.00762	0.2
Terrimonas	0.354	0.13	0.0381	0.0229	0.019	0.0457	0.0533	0.0343	0.0152	0.0876	0.00762	0.00762	0.00762	0.0229	0.0343	0.0838	0.0991	0.08	0.08	0.0762	0.0876	0.0838	0.0571	0.0686	0.0724	0.0724	0.0533	0.0533	0.0343	0.0267	0.0229	0.819	0.583	0.217	0.225	0.0686	0.571	1.51	0.0876	0.2
Pedomicrobium	0.0876	0.103	0.0952	0.0267	0.0419	0.061	0.0305	0.0152	0.019	0.0724	0.019	0.00762	0.0114	0.0152	0.0152	0.0229	0.0114	0.0152	0.0267	0.103	0.0229	0.019	0.019	0.0686	0.0724	0.0762	0.0495	0.0495	0.0305	0.0114	0.00762	0.141	0.255	0.19	0.145	0.133	0.11	0.194	0.0152	0.2
Ohtaekwangia	0.21	0.0533	0.0381	0.019	0.0114	0.019	0.0152	0.0114	0.0114	0.0495	0.00762	0.00381	0.0114	0.0267	0.00762	0.00762	0.0114	0.0381	0.0114	0.0533	0.019	0.0495	0.0457	0.0343	0.0495	0.0457	0.0229	0.0305	0.019	0.00762	0.0152	0.221	0.251	0.16	0.0724	0.152	0.579	0.392	0.0381	0.2
Gemmatimonas	0.126	0.137	0.0762	0.0648	0.0571	0.061	0.0648	0.061	0.0229	0.118	0.0229	0.0495	0.0343	0.0419	0.0533	0.0533	0.0571	0.0762	0.0381	0.122	0.122	0.114	0.0571	0.103	0.0686	0.061	0.0686	0.08	0.0381	0.0229	0.0457	0.00381	0	0.00762	0.019	0.00381	0	0.0457	0.0114	0.2
Cellvibrio	0.701	0.488	0.362	0.19	0.244	0.171	0.206	0.183	0.103	0.271	0.312	0.819	0.701	1.15	1.57	3.78	5.28	4.04	2.6	0.293	5.68	2.66	4.53	0.335	0.267	0.293	0.278	0.141	0.309	1.12	1.19	0.0267	0.0381	0.019	0.0267	0.0381	0.0343	0.0114	0.0343	0.2
Phenylobacterium	0.0571	0.0419	0.0229	0.0419	0.0229	0.0533	0.0381	0.00381	0.019	0.0419	0	0.00762	0.0305	0.0267	0.0381	0.0457	0.0381	0.061	0.0724	0.0533	0.0571	0.0724	0.0267	0.061	0.0381	0.0305	0.0343	0.0267	0.019	0.0381	0.0457	0.0381	0.0495	0.0571	0.0419	0.0495	0.11	0.0267	0	0.2
Altererythrobacter	0.141	0.221	0.179	0.133	0.133	0.107	0.114	0.11	0.0876	0.156	0.0914	0.0952	0.103	0.271	0.255	0.255	0.221	0.244	0.16	0.328	0.118	0.145	0.0914	0.171	0.107	0.149	0.114	0.13	0.152	0.0648	0.0838	0.126	0.114	0.141	0.0762	0.0914	0.0762	0.061	0.0495	0.2
Reyranella	0.107	0.0648	0.0229	0.00762	0.019	0.00381	0.0267	0.0152	0.0114	0.0267	0.00381	0.00381	0.00381	0.00762	0.0114	0.0152	0.0152	0.0114	0.019	0.0571	0.0152	0.0229	0.0114	0.0114	0.0152	0.0267	0.019	0.0229	0.0267	0.0152	0.0229	0.0876	0.301	0.0914	0.08	0.137	0.0648	0.0838	0.00381	0.2
Paracocccus	0.476	1.34	1.68	1.74	1.63	1.74	1.78	1.75	2.44	1.1	3.75	2.64	1.41	2.16	1.52	1.33	0.968	1.08	1.3	1.26	1.76	1.49	2.49	1.34	1.23	1.26	1.11	1.49	1.31	1.33	0.888	1.08	0.0343	2.26	1.54	0.114	0.0991	0.271	2.47	0.2
Candidatus_Alysiosphaera	0.0343	0.0648	0.0495	0.0343	0.0495	0.0305	0.0381	0.0419	0.00762	0.0457	0.00381	0.00381	0.00381	0	0	0	0	0.00381	0	0.061	0	0.00381	0.00762	0.11	0.0495	0.0686	0.0762	0.0229	0.0495	0	0.00381	0.149	0.225	0.149	0.11	0.0686	0.0686	0.0419	0.019	0.2
Aeromicrobium	0.122	0.175	0.156	0.133	0.156	0.156	0.0952	0.114	0.183	0.0991	0.0876	0.11	0.229	0.118	0.11	0.107	0.137	0.152	0.217	0.16	0.0952	0.0762	0.0762	0.137	0.168	0.133	0.187	0.122	0.141	0.0724	0.11	0.263	0.156	0.19	0.149	0.00381	0.297	0.187	0.122	0.2
Nitrosomonas	0.0343	0.019	0.0114	0.00762	0.0114	0.00381	0.0152	0.00381	0	0.0267	0.00381	0	0	0.00381	0	0	0	0	0.00381	0.0381	0	0	0.0343	0.0152	0.019	0.0343	0.0114	0.0114	0.019	0.0114	0.0114	0.16	0.24	0.0914	0.0952	0.0838	0.0305	0.613	0.0343	0.2
Rhodopirellula	0.0838	0.0343	0.0495	0.0381	0.0267	0.0267	0.019	0.00762	0.0305	0.0686	0	0.00381	0.00381	0.019	0.00762	0.00381	0.0305	0.0152	0.0305	0.0419	0.0229	0.0267	0.0991	0.0533	0.019	0.0686	0.0343	0.0229	0.0114	0.0686	0.0495	0.0914	0.0419	0.0533	0.08	0.00762	0.0381	0.103	0.00762	0.2
Deinococcus	0.00381	0.0305	0.0457	0.0495	0.0229	0.0419	0.0267	0.0533	0.0991	0.0152	0.0533	0.0381	0.0114	0.0152	0.0267	0.0114	0.0152	0.0229	0.0229	0.0305	0.0152	0.0305	0.0152	0.0305	0.0114	0.061	0.019	0.0495	0.0381	0.0229	0.0762	0.0114	0	0.0229	0.00762	0.00381	0	0.00762	0.00381	0.2
Haloferula	0.145	0.0876	0.0381	0.0267	0.0229	0.0533	0.019	0.0305	0.0305	0.0114	0	0.00762	0.0229	0.0343	0.0457	0.198	0.061	0.0876	0.0533	0.0914	0.0457	0.0533	0.0114	0.0571	0.0343	0.0381	0.0229	0.019	0.0267	0.0495	0.13	0.0686	0.0724	0.0571	0.0495	0.0914	0.149	0.0571	0.0229	0.2
Ferruginibacter	0.187	0.164	0.0648	0.0571	0.0991	0.0762	0.0724	0.0305	0.0305	0.0952	0.0305	0.0343	0.0495	0.0686	0.122	0.11	0.312	0.19	0.331	0.133	0.171	0.206	0.0838	0.0914	0.122	0.114	0.08	0.061	0.0686	0.137	0.122	0.0571	0.0914	0.0648	0.08	0.00762	0.0229	0.202	0.0724	0.2
CL500-29_marine_group	0.0533	0.0419	0.0152	0.0419	0.019	0.0305	0.0229	0.0229	0.00762	0.019	0.00762	0.00762	0.00381	0	0.00381	0	0.00381	0.00381	0	0.0267	0.00762	0	0.00381	0.0267	0.0457	0.0152	0.0267	0.0343	0.00381	0.00381	0.00381	0.0571	0.183	0.13	0.0762	0.0724	0.0267	0.0952	0.00762	0.2
Roseomonas	0.019	0.0838	0.0533	0.0419	0.0343	0.0495	0.0419	0.0991	0.0229	0.0876	0.0419	0.0343	0.0457	0.11	0.0838	0.0686	0.0267	0.0229	0.019	0.0991	0.0305	0.0381	0.0686	0.061	0.0305	0.061	0.0419	0.0381	0.0305	0.0724	0.0114	0.0152	0.00762	0.0571	0.0495	0.0152	0.0381	0.00762	0.0533	0.2
Streptomyces	0.122	0.408	0.263	0.179	0.19	0.206	0.175	0.141	0.133	0.24	0.0914	0.0457	0.0114	0.0114	0.00381	0.019	0.00381	0.019	0.0229	0.267	0.0152	0.0152	0.0229	0.293	0.225	0.267	0.282	0.24	0.232	0.0114	0.0114	0.431	0.777	0.392	0.514	0.0762	0.122	0.149	0.0419	0.2
Arcticibacter	0.819	0.339	0.309	0.328	0.282	0.301	0.229	0.221	0.271	0.206	0.19	0.145	0.061	0.0648	0.0648	0.0876	0.103	0.08	0.0533	0.347	0.217	0.0686	0.202	0.297	0.331	0.301	0.286	0.248	0.236	0.183	0.08	0	0	0.0114	0	0.00762	0.0114	0.00762	0.0267	0.2
Phaeodactylibacter	0.0229	0	0	0.00381	0.00381	0	0.00381	0	0.00381	0.0114	0.00381	0	0	0	0	0.00381	0	0	0.00381	0.0152	0.00381	0	0.00381	0	0.00762	0.0114	0.00381	0.00381	0	0.00381	0.0152	0.24	0.331	0.0381	0.0571	0.0724	0.0838	0.137	0.00762	0.2
Erythrobacter	0.0343	0.0305	0.0686	0.0419	0.0343	0.0571	0.0533	0.061	0.11	0.0305	0.118	0.0724	0.16	0.282	0.267	0.255	0.187	0.324	0.198	0.0648	0.206	0.19	0.0762	0.0229	0.0229	0.019	0.0457	0.0152	0.0229	0.225	0.133	0.00381	0.00762	0.0533	0.0114	0.00381	0	0.019	0.0533	0.2
Rheinheimera	0.747	0.381	0.168	0.118	0.0991	0.0991	0.0762	0.061	0.0152	0.122	0.0305	0.0648	0.0343	0	0	0.0343	0.0114	0	0.0457	0.286	0.183	0.00762	0.0343	0.183	0.126	0.179	0.152	0.0495	0.0991	0	0.0114	0	0	0	0	0	0.0381	0.0229	0.00381	0.2
Luteolibacter	0.842	0.278	0.141	0.0838	0.0952	0.103	0.16	0.164	0.152	0.145	0.103	0.122	1.41	2.59	3.28	4.32	4.03	3.6	3.12	0.229	2.22	1.29	0.804	0.263	0.206	0.232	0.107	0.0876	0.0571	2.5	1.89	0.0114	0.0914	0.0229	0.0267	0.0381	0.301	0.0952	0.0152	0.2
Bryobacter	0.061	0.0419	0.0267	0.0229	0.0114	0.00381	0.019	0.0152	0.0152	0.0381	0	0.00762	0	0.0114	0.00381	0.00381	0	0.00762	0.00381	0.019	0.0114	0.00381	0.00381	0.0267	0.019	0.0152	0.0152	0.019	0.0114	0	0.00762	0.0457	0.168	0.0419	0.0229	0.0267	0.0267	0.0495	0.00762	0.2
Microvirga	0.293	0.423	0.411	0.335	0.396	0.324	0.453	0.522	0.358	0.331	0.236	0.198	0.16	0.164	0.168	0.168	0.133	0.118	0.164	0.396	0.206	0.141	0.19	0.419	0.316	0.438	0.339	0.354	0.354	0.179	0.183	0.0686	0.0229	0.171	0.0991	0.00381	0.0267	0.202	0.427	0.2
Rhodococcus	0.19	0.145	0.187	0.16	0.225	0.171	0.137	0.16	0.282	0.118	0.171	0.145	1.14	0.762	0.674	0.602	0.522	0.552	0.53	0.141	0.632	0.568	1.45	0.164	0.183	0.175	0.221	0.16	0.122	0.434	0.476	0.0533	0.00381	0.0381	0.0457	0	0.0305	0.0686	0.217	0.2
Litorilinea	0.0914	0.0229	0.0152	0.00762	0.00381	0.0152	0.00762	0.0152	0.00381	0.0267	0	0	0.00381	0	0.00381	0.00762	0	0	0	0.00762	0	0	0.00762	0.019	0.0229	0.0152	0.00762	0.0114	0.0152	0.00381	0.0114	0.389	0.545	0.187	0.206	0.187	0.145	0.229	0.13	0.2
Candidatus_Nitrososphaera	0.728	0.206	0.133	0.137	0.103	0.08	0.114	0.0419	0.0305	0.16	0.00762	0.0229	0	0	0.00381	0.00762	0.00762	0.00762	0.00762	0.259	0.00762	0.00381	0.019	0.206	0.213	0.183	0.133	0.0991	0.0952	0.00762	0	0.118	0.541	0.171	0.37	0.766	0.00381	0.297	0.0533	0.2
Gemmata	0.0381	0.019	0.00762	0.0267	0.019	0.00381	0.0305	0.00381	0.00381	0.0267	0	0	0.00381	0	0	0	0.00381	0.00762	0.00381	0.0343	0	0.00762	0.0114	0.0305	0.00381	0.0267	0.0152	0.00762	0.0152	0.00381	0	0.152	0.149	0.061	0.0914	0.0533	0.0419	0.11	0.0114	0.2
Legionella	0.0114	0.0114	0	0.00381	0.00762	0	0	0	0	0.00762	0.00762	0	0	0	0	0	0	0	0	0	0	0	0	0	0.00381	0	0	0.00381	0.00762	0.00381	0	0.08	0.175	0.0952	0.0495	0.145	0.0305	0.0838	0.00762	0.2
Nakamurella	0.019	0.0381	0.0114	0.0229	0.0305	0.0267	0.0305	0.019	0.00762	0.0343	0.0114	0.0114	0.00381	0.0114	0.0267	0.0152	0.00381	0.00762	0.0152	0.0343	0.0267	0.00381	0.0114	0.0267	0.019	0.0419	0.0229	0.0305	0.0381	0.00381	0.00762	0.0571	0.0991	0.171	0.118	0.0762	0.0381	0.0571	0.0419	0.1
Parapedobacter	0.0419	0.00762	0.0229	0.00381	0.00762	0.0114	0.00762	0.00381	0	0.0229	0.00381	0.00762	0.00381	0.0267	0	0.019	0.00381	0.0152	0.0152	0.0114	0.0305	0.0343	0.678	0.0267	0.0152	0.019	0.0152	0.00762	0	0.13	0.061	0.00381	0	0	0	0.00381	0	0.00381	0	0.1
Rhodocytophaga	0.171	0.0724	0.0457	0.019	0.0305	0.0229	0.0419	0.0381	0.0152	0.0419	0.0343	0.0343	0.0267	0.103	0.0305	0.0457	0.0381	0.0495	0.019	0.0571	0.0267	0.0571	0.107	0.0419	0.0533	0.0305	0.019	0.0381	0.019	0.00762	0.0114	0.019	0.00381	0.0495	0.061	0	0.00762	0.019	0.0381	0.1
Hyphomicrobium	0.13	0.126	0.103	0.0571	0.0571	0.0571	0.0686	0.0305	0.0533	0.08	0.0229	0.0114	0.00762	0.019	0.0267	0.0267	0.0229	0.0305	0.019	0.0952	0.0495	0.0267	0.0229	0.0914	0.0648	0.0952	0.13	0.0457	0.0495	0.0305	0.0762	0.16	0.328	0.156	0.13	0.107	0.255	0.24	0.0343	0.1
Pseudospirillum	0.0876	0.0343	0.0343	0.0229	0.00381	0.0152	0.0114	0.0152	0.00381	0.0381	0	0.00381	0.00381	0	0.00762	0.00762	0.0114	0.0114	0	0.0305	0.00381	0.0114	0.0229	0.0267	0.0152	0.0229	0.0114	0.0114	0.0114	0	0.00762	0.0267	0.0419	0.0114	0.00381	0.0305	0.0533	0.11	0.00381	0.1
Marmoricola	0.0724	0.0838	0.103	0.0724	0.103	0.0762	0.0724	0.0457	0.103	0.0914	0.107	0.0343	0.0381	0.0419	0.0762	0.0381	0.0229	0.0343	0.0648	0.0571	0.0457	0.0419	0.0571	0.0991	0.061	0.107	0.122	0.0762	0.0419	0.0571	0.0267	0.0457	0.0114	0.0762	0.0495	0	0.0381	0.164	0.0343	0.1
Chitinophaga	0.145	0.0571	0.0381	0.019	0.0267	0.0419	0.0229	0.0114	0.0114	0.0381	0.00381	0.00381	0.00381	0	0.00381	0.0114	0.00381	0.0114	0.00762	0.0724	0.00381	0.0152	0.0152	0.0419	0.0381	0.0381	0.0305	0.0229	0.0229	0.00762	0.00762	0.133	0.0876	0.0533	0.0419	0	0.187	0.0152	0	0.1
Agaricicola	0.0419	0.0495	0.0267	0.0381	0.019	0.0267	0.0305	0.0419	0.0343	0.0571	0.0648	0.08	0.0724	0.11	0.156	0.179	0.141	0.32	0.259	0.0495	0.274	0.248	0.236	0.061	0.0419	0.0381	0.0381	0.0343	0.0267	0.133	0.221	0.0114	0.00762	0.0305	0.0305	0.0457	0.00381	0.0533	0.061	0.1
Caulobacter	0.0724	0.08	0.0381	0.0305	0.0305	0.0457	0.019	0.019	0.0305	0.0381	0.019	0.0229	0.392	0.991	0.869	1.19	0.911	0.918	1.19	0.0457	0.693	0.735	0.526	0.0419	0.0495	0.0571	0.0343	0.019	0.0495	0.351	0.423	0.114	0.149	0.171	0.0724	0.0914	0.583	0.0457	0.0152	0.1
Cellulomonas	0.0724	0.377	0.549	0.411	0.339	0.476	0.351	0.362	0.183	0.37	0.164	0.152	0.0686	0.0762	0.0724	0.0914	0.0229	0.0457	0.0419	0.411	0.0419	0.0762	0.168	0.381	0.354	0.484	0.537	0.37	0.392	0.0571	0.019	0.126	0.0114	0.305	0.21	0.0229	0.0114	0.0381	0.149	0.1
Prosthecobacter	0.118	0.0381	0.00762	0.0152	0.00381	0.0114	0.019	0.0114	0	0.0114	0	0.00381	0.00381	0.00381	0	0.00762	0	0.00381	0.00762	0.0267	0.00381	0.00381	0.00762	0.0229	0.0229	0.0343	0.0229	0.00762	0.0229	0.0229	0.0267	0.00381	0.0267	0.00762	0.00762	0.0419	0.0419	0.0533	0.00381	0.1
I-8	0.0152	0.019	0.0152	0.00762	0.00762	0.00381	0	0.00381	0.00762	0.00381	0	0.00381	0	0	0	0	0	0.00381	0.00381	0.0152	0	0	0	0.00762	0	0.019	0.00762	0	0.0114	0	0.00381	0.0991	0.229	0.0838	0.0876	0.137	0.00381	0.00762	0.00762	0.1
Saccharibacillus	0.0457	0.0343	0.0838	0.0991	0.0876	0.0686	0.0876	0.187	0.0686	0.0152	0.0533	0.0343	0.00381	0.0114	0	0	0	0.00381	0	0.0343	0.0152	0	0.00381	0.0648	0.347	0.13	0.0686	0.0876	0.122	0.0343	0.00381	0	0	0.00381	0	0	0	0	0.061	0.1
hgcI_clade	0.0724	0.202	0.171	0.114	0.0876	0.126	0.21	0.0762	0.061	0.213	0.0495	0.0267	0	0	0.00381	0.00381	0	0	0	0.24	0	0	0	0.202	0.19	0.202	0.171	0.0991	0.126	0	0	0	0	0	0	0	0	0	0	0.1
Sphingobium	0.0152	0.0305	0.00381	0.0152	0.00381	0.019	0.0152	0.00762	0.0343	0.0152	0.00762	0.00381	0.019	0.0152	0.0114	0.00762	0.00381	0.00762	0.019	0.0267	0.0152	0.00762	0.0152	0.0267	0.0152	0.0229	0.00762	0.0152	0.0114	0.0571	0.0114	0.0114	0.00381	0.0114	0.00762	0.00762	0.0648	0.00762	0.168	0.1
Asticcacaulis	0.0114	0	0.00381	0	0.0152	0.019	0.019	0.0229	0	0.0305	0.00381	0.00381	0.0114	0.0229	0.0305	0.0381	0.213	0.0648	0.0305	0.0114	0.019	0.0381	0.00762	0.00762	0.00381	0.0114	0.0114	0.0152	0.019	0.0114	0.0152	0.019	0.00381	0.0114	0.0152	0.0876	0.0876	0.0229	0	0.1
Arenimonas	0.183	0.271	0.137	0.08	0.0876	0.0762	0.08	0.133	0.08	0.183	0.0571	0.0495	0.0952	0.13	0.16	0.16	0.198	0.171	0.286	0.16	0.24	0.236	0.133	0.141	0.126	0.114	0.118	0.0571	0.0838	0.0952	0.248	0.0152	0.00381	0.0152	0.0114	0.0343	0.0305	0.0457	0.00762	0.1
Euzebya	0.0267	0.0991	0.0381	0.019	0.0305	0.0267	0.0229	0.019	0.00381	0.0381	0.00381	0	0	0.00762	0.00762	0.00762	0.00381	0	0.00762	0.0457	0	0.00762	0.0114	0.0571	0.0495	0.0495	0.0419	0.0343	0.0305	0.00762	0.00762	0.00762	0.00381	0.019	0.00762	0.00381	0.00381	0.00762	0.00381	0.1
Rufibacter	0.469	0.152	0.206	0.217	0.225	0.175	0.312	0.251	0.457	0.137	0.236	0.236	0.114	0.0952	0.152	0.0762	0.107	0.118	0.0305	0.198	0.0495	0.0724	0.0762	0.149	0.0838	0.152	0.168	0.114	0.149	0.00762	0.0267	0.0838	0.00381	0.0648	0.00762	0	0	0.00381	0	0.1
Woodsholea	0.0229	0.019	0.00762	0.0114	0.0229	0.0229	0.00762	0.019	0.0114	0.0343	0.00381	0	0.00381	0	0	0	0.00381	0.00762	0.00381	0.0419	0.00762	0.00762	0.00381	0.0114	0.00381	0.019	0.00762	0.00762	0.019	0.00381	0	0.0495	0.0267	0.0457	0.0419	0.0229	0.0686	0.0952	0.00762	0.1
Candidatus_Protochlamydia	0.0533	0.0152	0.00381	0.0114	0	0.00762	0	0	0.00381	0.0152	0.00381	0	0.00381	0.00762	0	0	0	0	0	0.019	0	0	0	0.0114	0.0114	0.0229	0.0114	0.00762	0.0114	0.00762	0	0.0876	0.0648	0.00381	0.0419	0.00762	0.00381	0.24	0.0229	0.1
Roseiflexus	0.0229	0.0305	0.019	0.00381	0.00762	0.00762	0.00381	0.0114	0.00762	0.0114	0	0.00381	0.00381	0	0	0	0	0.00381	0	0.019	0	0	0	0.0114	0.0114	0.00762	0.0229	0.00762	0.0114	0.00381	0	0.0267	0.0381	0.0419	0.0419	0.0533	0.0533	0.0533	0.0381	0.1
Taibaiella	0.312	0.0457	0.0533	0.0152	0.0381	0.0229	0.0229	0.0152	0.00762	0.0419	0	0.0114	0.00762	0.00381	0.0152	0.00762	0.0229	0.00381	0.00381	0.0571	0.00762	0.0114	0.0381	0.0381	0.019	0.061	0.0457	0.0229	0.0343	0.00381	0.0114	0.00762	0.0914	0.0952	0.0229	0.0952	0.0419	0.141	0.00762	0.1
Skermanella	0.0457	0.103	0.08	0.0762	0.0571	0.061	0.061	0.0267	0.0343	0.0686	0.0152	0.0114	0.00381	0.00381	0.00762	0.00762	0.00381	0.00762	0	0.08	0.0114	0.00381	0.00762	0.08	0.0419	0.103	0.0952	0.0457	0.0229	0.0152	0.00381	0.141	0.0838	0.16	0.0838	0.0686	0.0648	0.0838	0.0914	0.1
Flavitalea	0.107	0.0419	0.019	0.0305	0.00762	0.0343	0.0229	0.00762	0.0152	0.0419	0.0152	0.00762	0.0152	0.0457	0.0419	0.0495	0.0762	0.0952	0.0571	0.0419	0.0419	0.0571	0.0267	0.0229	0.0305	0.0533	0.0152	0.019	0.0381	0.0381	0.0381	0.0838	0.118	0.0152	0.0648	0.0343	0.0152	0.126	0.0419	0.1
Geodermatophilus	0.0305	0.118	0.0686	0.0571	0.0686	0.0724	0.0648	0.0305	0.0114	0.0838	0.019	0.0229	0.00762	0.00381	0.0114	0.00762	0.00762	0.00381	0.00381	0.141	0.00762	0.00381	0.0114	0.145	0.11	0.0914	0.0914	0.0571	0.0762	0.00381	0.00381	0.0457	0	0.0762	0.0533	0.00762	0.00762	0.061	0.0305	0.1
Stenotrophomonas	0.316	0.533	0.392	0.4	0.309	0.37	0.507	0.45	0.282	0.293	0.194	0.149	0.145	0.0914	0.152	0.202	0.156	0.179	0.11	0.381	0.0991	0.11	0.0952	0.671	0.373	0.358	0.32	0.236	0.312	1.33	0.175	0.00381	0.0762	0.061	0.0229	0.0305	0.0914	0.00762	0.0724	0.1
Paucimonas	0.0952	0.0952	0.114	0.126	0.0762	0.118	0.133	0.11	0.171	0.126	0.08	0.11	0.0343	0.0114	0.0267	0.0114	0.00762	0.0229	0.00762	0.0838	0.019	0.0305	0.0343	0.061	0.0686	0.103	0.0876	0.0762	0.0571	0	0.0152	0.0152	0.0343	0.019	0.0152	0.00762	0	0.0229	0.0267	0.1
Nordella	0.0533	0.0419	0.0114	0.0152	0.0114	0.019	0.0114	0.0114	0.0152	0.0229	0	0.00381	0	0.00381	0.019	0.0114	0.0114	0.0152	0.00381	0.0229	0	0.00762	0.00762	0.0229	0.0305	0.019	0.019	0.0152	0.0152	0.0152	0.00381	0.198	0.263	0.118	0.0914	0.122	0.145	0.145	0.0152	0.1
Burkholderia	0.00381	0.08	0.0838	0.0914	0.0762	0.156	0.122	0.114	0.114	0.156	0.0305	0.0419	0.0419	0.0991	0.061	0.0724	0.0533	0.0762	0.0991	0.137	0.0724	0.103	0.061	0.0686	0.103	0.122	0.0762	0.149	0.107	0.0381	0.0457	0.0114	0.0686	0.0914	0.061	0.168	0.0229	0.0419	0.019	0.1
Blastococcus	0.0305	0.206	0.175	0.122	0.11	0.152	0.0457	0.0686	0.0686	0.16	0.0267	0.019	0.00381	0.019	0.00381	0.0114	0.00381	0.00381	0.0114	0.145	0.0229	0.019	0.0114	0.0838	0.141	0.107	0.0991	0.107	0.122	0.0114	0.00381	0.061	0	0.11	0.08	0.0457	0	0.0267	0.0343	0.1
Illumatobacter	0.0305	0.0533	0.0457	0.0229	0.0114	0.019	0.0267	0.019	0.0114	0.019	0.00381	0	0	0.0152	0.00381	0.0114	0.00762	0.00762	0.00762	0.0533	0.00762	0.0114	0.019	0.00762	0.0229	0.0267	0.0343	0.0114	0.019	0	0.00381	0.0343	0.0152	0.0114	0.0229	0.00381	0.0152	0.0305	0.0114	0.1
Pseudonocardia	0.00381	0.0495	0.0381	0.0229	0.0267	0.0229	0.019	0.0343	0.00762	0.0381	0	0.019	0.00381	0.00381	0	0.0114	0.00381	0.00381	0.0152	0.0343	0.00762	0.00381	0	0.0152	0.0381	0.0267	0.0152	0.019	0.0229	0.00381	0.00762	0.0305	0.00381	0.0419	0.0533	0.0267	0.0152	0.0343	0.0152	0.1
Microlunatus	0.0229	0.0229	0.0724	0.0305	0.0267	0.019	0.019	0.0229	0.019	0.0648	0.0305	0.0114	0.00762	0.00762	0.0152	0.00762	0	0.00762	0.00381	0.0419	0.019	0.00381	0	0.0343	0.0457	0.0419	0.0724	0.0495	0.0267	0.00762	0.00381	0.0571	0.107	0.183	0.175	0.0457	0.0381	0.0648	0.0419	0.1
Nannocystis	0.0152	0.0152	0.0229	0.019	0.00762	0.019	0.00762	0.0267	0.0114	0.0457	0	0	0	0	0	0	0.00762	0	0	0.019	0.00762	0.00762	0	0.019	0.0343	0.0152	0.0229	0.0114	0.00762	0.00762	0.0152	0.00381	0.0114	0.08	0.0571	0.00381	0.00381	0.0305	0.00381	0.1
Modestobacter	0	0.0381	0.0267	0.0267	0.0533	0.0381	0.019	0.00381	0.00762	0.0305	0.00762	0.00762	0	0	0	0	0	0.00381	0	0.0267	0	0.00381	0.00762	0.0343	0.0495	0.0381	0.0267	0.0343	0.0229	0	0.00381	0.0343	0	0.00381	0.019	0	0.00381	0.00381	0.00762	0.1
Candidatus_Entotheonella	0.0267	0.00381	0.0114	0.00381	0.00381	0.0152	0.00381	0	0	0.0114	0	0	0	0	0	0	0	0	0	0.0114	0	0	0	0.00762	0.0114	0.00762	0.0152	0.00762	0.00381	0	0	0.0457	0.0533	0.0381	0.0152	0.0419	0.00762	0.0114	0.00381	0.1
Blastopirellula	0.0571	0.019	0.0381	0.0114	0.00381	0.0114	0.00762	0.00381	0	0.0114	0	0.00381	0	0	0.00381	0	0	0	0	0.00762	0.00762	0	0	0.0229	0.0114	0.0381	0.0114	0.0152	0.00762	0	0	0.149	0.122	0.0648	0.0724	0.0305	0.0648	0.274	0.0152	0.1
Bosea	0.0533	0.183	0.103	0.0991	0.0762	0.0495	0.0686	0.0533	0.0571	0.11	0.019	0.0229	0.0114	0.0381	0.0381	0.08	0.0533	0.0686	0.0762	0.145	0.0724	0.0648	0.0305	0.133	0.061	0.126	0.0991	0.0914	0.11	0.0762	0.08	0.107	0.0686	0.145	0.141	0.0495	0.0952	0.0686	0.0686	0.1
Lautropia	0	0.0724	0.0305	0.0267	0.0114	0.0305	0.00762	0.0305	0.00762	0.061	0.0114	0.0114	0.0114	0.0152	0.00762	0.0267	0.00762	0.0343	0.00762	0.0495	0.0267	0.0305	0.0419	0.0343	0.0343	0.0267	0.0267	0.0343	0.0267	0.00762	0.0114	0.0229	0.00381	0.0343	0.019	0	0.0114	0.0457	0.00762	0.1
Isosphaera	0	0	0.019	0.00381	0.00381	0.0114	0.00381	0	0	0.00381	0.00381	0	0.00762	0	0	0.00762	0	0.00381	0	0.0114	0.00762	0	0	0.00381	0	0.0152	0	0.00381	0.00381	0.00762	0	0.0838	0.0838	0.0457	0.0648	0.019	0.08	0.0381	0.00762	0.1
Hymenobacter	0.0229	0	0.00381	0.0114	0.00381	0.0114	0.0229	0.0114	0.0114	0.00762	0.00381	0.00381	0	0.00381	0.00381	0.00381	0.00762	0.00381	0	0.0152	0.0114	0.00381	0.019	0.0152	0.0152	0.019	0.0152	0.0152	0.019	0	0.00381	0.0267	0.00381	0.0381	0.019	0	0	0.00381	0.0152	0.1
Acidibacter	0.0686	0.0267	0.0152	0.0114	0.0152	0.0114	0.00762	0.0114	0.00381	0.0229	0.00381	0.00381	0	0	0.00381	0	0.00381	0.00381	0	0.0419	0	0	0	0.0114	0.0114	0.0114	0.0305	0	0.0229	0.00762	0.00381	0.0305	0.0229	0.0305	0.0343	0	0.0686	0.0343	0.00381	0.1
SM1A02	0.0229	0.00381	0.0267	0	0.00381	0	0.0114	0	0.0152	0.00762	0	0	0	0	0.00381	0.00381	0	0	0	0.00381	0	0	0	0.00381	0.00381	0.00762	0.00762	0	0	0	0	0.019	0.0648	0.0229	0.0152	0.00381	0.0495	0.0305	0.00381	0.1
Sporichthya	0.0305	0.00762	0.0114	0.00381	0.00381	0.00762	0.00762	0	0	0.0114	0	0	0	0	0.00381	0.00381	0	0	0	0.0229	0	0.00381	0	0.0305	0	0.0152	0.00762	0.00381	0.00381	0	0.00381	0.0381	0.0457	0.0724	0.0648	0.0152	0.0724	0.122	0.0152	0.1
Pseudoxanthomonas	0.183	0.149	0.107	0.0457	0.0762	0.0457	0.0457	0.0991	0.0457	0.0648	0.0267	0.019	0.0686	0.0686	0.0724	0.114	0.122	0.156	0.19	0.114	0.0381	0.0724	0.118	0.107	0.0952	0.0991	0.0724	0.0762	0.0457	0.122	0.0419	0.0114	0.141	0.0533	0.0381	0.305	0.137	0.0152	0.0457	0.1
Sphingopyxis	0.0343	0.103	0.0419	0.0343	0.0152	0.0267	0.0267	0.0267	0.0152	0.0267	0.0114	0.00762	0.0495	0.0648	0.0724	0.061	0.0724	0.08	0.107	0.08	0.0533	0.019	0.019	0.0305	0.0381	0.0381	0.0381	0.0267	0.0267	0.0267	0.0381	0.0114	0.08	0.0343	0.0152	0.00762	0.0952	0.0686	0.0343	0.1
Agromyces	0.0991	0.255	0.225	0.183	0.152	0.183	0.122	0.13	0.08	0.286	0.0914	0.122	0.0571	0.0648	0.0952	0.0952	0.0648	0.0686	0.0495	0.206	0.0991	0.0762	0.137	0.187	0.175	0.175	0.229	0.11	0.152	0.0838	0.0876	0.354	0.423	0.465	0.4	0.248	0.293	0.141	0.0267	0.1
Planococcus	2.93	5.3	6.72	7.69	8.1	7.6	6.18	6.99	6.37	6.69	6.02	4.19	0.282	0.518	0.484	0.4	0.335	0.461	0.45	5.06	0.659	0.545	1.17	7.41	8.65	7.96	10.1	10	10	1.89	2.19	3.11	0.0229	2.37	1.22	0.0267	0.0229	1.02	13.4	0.1
Rubrivirga	0.00762	0.0152	0.0267	0.00762	0.0152	0.0114	0.00762	0.0229	0.00762	0.00762	0.00762	0.019	0.00381	0.00381	0.00381	0.0305	0.0152	0.0114	0.0114	0.0267	0.0343	0.0267	0.0114	0.019	0.0114	0.0305	0.0114	0.0267	0.00762	0.0114	0.0229	0	0	0	0.0152	0	0	0.00381	0.0114	0.1
Nitrosospira	0.0495	0.0648	0.0229	0.0114	0.0152	0.0114	0.00381	0.0114	0.0114	0.0267	0.00381	0.00381	0.0152	0.0114	0	0.00381	0.0114	0.00762	0.0152	0.0419	0.0229	0.0495	0.206	0.0305	0.019	0.0229	0.0229	0.0267	0.0114	0.0343	0.0305	0.45	0.61	0.183	0.126	0.0495	0.0686	1.41	0.0571	0.1
Steroidobacter	0.0152	0.019	0.0343	0.0114	0.0305	0.0305	0.0152	0.00762	0	0.0152	0	0.019	0	0.0152	0	0.00381	0.00762	0.0114	0.00381	0.0419	0	0	0	0.0419	0.0229	0.0305	0.0457	0.0114	0.00762	0	0.0114	0.019	0.00381	0.00762	0	0	0.168	0.019	0.0114	0.1
Niastella	0.0648	0.00762	0.0114	0.00762	0.0152	0.00762	0.00381	0.00381	0.0114	0.0114	0.00762	0	0.0114	0	0.00381	0.00381	0	0.00381	0	0.0114	0.00762	0	0.00381	0.00762	0.0114	0.019	0.00381	0	0.00381	0	0.00381	0.0648	0.0648	0.0571	0.0457	0.0229	0.08	0.263	0.114	0.1
Aquicella	0.019	0.0114	0.00381	0	0	0.00381	0.00381	0	0.00381	0.00762	0	0	0	0	0	0	0.00381	0.00381	0.00381	0.00381	0	0	0	0.00381	0	0.00381	0	0.00762	0	0	0	0.11	0.0381	0.0648	0.0267	0.114	0.019	0.0533	0	0.1
Exiguobacterium	0.465	0.522	1.18	1.23	0.895	0.922	0.838	0.751	0.812	0.606	0.8	0.632	0.0267	0.0267	0.019	0.0533	0.0381	0.0457	0.0381	0.476	0.0419	0.0381	0.0724	0.888	1.36	1.35	1.47	1.25	1.47	0.0724	0.0914	0.0419	0.00381	0.0838	0.0267	0.00381	0	0.0305	5.52	0.1
Sorangium	0.0114	0.0114	0.019	0.0114	0.019	0.0343	0.00381	0.0114	0	0.0267	0.00762	0.00762	0.00381	0.00381	0.00381	0	0.00762	0	0	0.0495	0.00762	0	0.00762	0.0114	0.00762	0.019	0.019	0.0305	0.0152	0	0	0.0152	0.08	0.0457	0.0229	0.0457	0.0114	0.0152	0.00381	0.1
Acidovorax	0.0381	0.0305	0.0229	0.0114	0.0114	0.019	0.0114	0	0	0.0305	0	0	0	0.00381	0	0	0	0.00381	0	0.0343	0.00381	0	0	0.0457	0.0419	0.0381	0.019	0.0495	0.0229	0	0	0.0229	0.0343	0.0152	0.00762	0.0495	0.0419	0.0914	0.0267	0.1
Luteimonas	0.019	0.0648	0.0343	0.0229	0.00762	0.0229	0.0267	0.0152	0.0152	0.0343	0.00381	0.00762	0.0114	0.019	0.0571	0.0533	0.019	0.0381	0.0229	0.0571	0.0229	0.0152	0.019	0.019	0.0229	0.0229	0.0229	0.00762	0.019	0.0571	0.00762	0	0.00381	0	0	0	0	0	0.00381	0.1
Methylobacterium	0.0152	0.00762	0.0305	0.00762	0.0457	0.0419	0.019	0.0114	0.00381	0.0343	0.019	0.00762	0	0.0152	0.00381	0.00762	0.0114	0.019	0.0114	0.0419	0.00762	0.00762	0.00762	0.0305	0.0152	0.0229	0.019	0.0114	0.019	0.0495	0.019	0.019	0.00381	0.019	0.133	0.00381	0.00762	0	0.0229	0.1
Methylobacillus	0.0457	0.0114	0.00762	0.0114	0.0152	0.00381	0.00381	0	0	0.0152	0	0	0	0	0	0	0	0	0	0.0229	0	0	0	0.00381	0.00381	0.00762	0.019	0.0114	0.0114	0.126	0.00381	0	0	0.00381	0	0.0381	0	0.00762	0.00762	0.1
Mucilaginibacter	0.122	0.0495	0.019	0.0152	0.0152	0.019	0.0152	0.0267	0	0.0152	0	0	0	0.00381	0.00381	0	0	0	0.00762	0.0457	0.00381	0	0.0114	0.0114	0.0419	0.0305	0.0229	0.019	0.0114	0	0.00762	0.0152	0.141	0.0305	0.0381	0.0229	0.621	0.133	0	0.1
Roseimicrobium	0.103	0.0305	0.0152	0.019	0.00762	0.00381	0.00762	0.00381	0.00381	0.0152	0	0.00381	0	0.00381	0.00762	0	0.0114	0.00381	0	0	0.00381	0.0229	0	0.00381	0.00381	0.00381	0.00762	0	0.00381	0.00762	0.0267	0.118	0.0952	0.0571	0.0229	0.175	0.0991	0.0533	0.00762	0.1
Simiduia	0	0.0114	0.00381	0	0.00762	0	0	0	0	0.00762	0.00381	0	0	0.00381	0	0.0152	0.0991	0.11	0.019	0.00381	0.0533	0.0343	0.103	0	0	0	0.00381	0	0.0152	0.126	0.103	0	0	0	0	0	0	0	0	0.1
OM27_clade	0.019	0.0229	0.0114	0.00381	0.00381	0.0114	0.00381	0	0	0.0229	0	0.00381	0	0	0	0	0	0.00381	0	0.019	0.00762	0	0.0152	0.0152	0.019	0.00762	0.00381	0.00381	0.0152	0.0114	0.00381	0.00762	0	0	0.00762	0.00381	0	0.0152	0	0.1
Aquabacterium	0.0229	0.019	0.00381	0.0114	0.0229	0.0229	0.019	0.019	0.00381	0.0152	0.0114	0.00381	0	0.00381	0	0.00381	0.0114	0.0152	0.0457	0.0152	0.00381	0.00762	0	0.0152	0.00762	0.0267	0.0114	0.0152	0.0114	0	0.00381	0.00381	0.00381	0	0.08	0.00381	0	0	0	0.1
Agrococcus	0.156	0.69	0.655	0.541	0.674	0.8	0.53	0.518	0.629	0.385	0.602	0.469	0.133	0.229	0.164	0.13	0.0876	0.164	0.118	0.507	0.202	0.21	0.354	0.469	0.545	0.621	0.61	0.499	0.594	0.187	0.122	0.175	0.0381	0.758	0.484	0.00381	0.217	0.11	0.373	0.1
Olivibacter	0.061	0.019	0.00381	0.0152	0.0152	0.019	0.0229	0.019	0.0114	0.0114	0.00762	0	0.00762	0	0	0.00762	0.00381	0	0.00762	0.019	0.00381	0.0114	0.183	0.0114	0.0267	0.0152	0.0229	0.0114	0.0152	0.0229	0	0	0	0	0.00762	0	0	0	0	0.1
Actinomycetospora	0.0114	0.0343	0.0343	0.0267	0.0152	0.0114	0.0229	0.0152	0.0114	0.0381	0.019	0.0114	0	0	0	0	0	0.00381	0.0114	0.0343	0.00381	0	0.00762	0.019	0.0267	0.0267	0.0381	0.0305	0.019	0.00381	0	0.00762	0.00381	0.00762	0.0152	0.00381	0	0.00381	0	0.1
Xanthomonas	0.0343	0.0457	0.0305	0.0305	0.0152	0.00762	0.00381	0.0229	0.0305	0.019	0.0114	0.019	0.107	0.225	0.331	0.293	0.259	0.259	0.488	0.0267	0.366	0.712	0.255	0.019	0.0381	0.019	0.0229	0.0152	0.019	0.0533	0.29	0.00381	0	0	0.00762	0	0	0.00381	0.00381	0.1
Pelagibacterium	0	0.00381	0.0114	0	0.00381	0.00381	0.0152	0	0.00762	0	0.00381	0	0.0114	0.0419	0.0419	0.0229	0.0229	0.00381	0.0114	0.019	0.0571	0.0229	0.0457	0	0.0114	0.00381	0.00762	0	0	0.019	0	0.00762	0	0	0	0	0	0	0.00381	0.1
Friedmanniella	0.00381	0.0343	0.0152	0.0305	0.0114	0.0267	0.019	0.019	0.00762	0.0229	0.00381	0	0	0	0	0	0	0	0	0.019	0	0	0.00381	0.00762	0.019	0.0267	0.0267	0.0152	0.019	0	0	0.00381	0.00762	0.0381	0.0457	0.00381	0.00381	0.0114	0.00762	0.1
Bauldia	0.0343	0.0229	0.019	0.0114	0.0114	0.0152	0.0114	0.0114	0.00381	0.0229	0	0.00762	0	0	0.00381	0.0114	0.00381	0.00381	0.00381	0.00381	0.00381	0	0	0.0114	0.0152	0.0305	0.0152	0.00381	0.0114	0.00762	0.00381	0.107	0.179	0.0495	0.0343	0.0571	0.0419	0.0762	0.00381	0.1
Quadrisphaera	0.0152	0.0457	0.0229	0.0229	0.0305	0.0724	0.0267	0.0457	0.0152	0.0495	0.0267	0.0305	0.0114	0.0114	0.0152	0	0.00381	0.00381	0.00381	0.0381	0.00762	0.019	0.00381	0.0381	0.0305	0.019	0.0495	0.0381	0.0381	0.00762	0.0114	0.019	0.0114	0.0267	0.0457	0.00762	0.0381	0.019	0.00762	0.1
Lysinimonas	0.0381	0.0571	0.019	0.0419	0.0305	0.0267	0.0229	0.0305	0.019	0.0343	0.00762	0.0114	0	0.0229	0.0152	0.0152	0.0152	0.0229	0.00381	0.0419	0.00762	0.00381	0.0229	0.0419	0.0343	0.0419	0.0381	0.0305	0.0381	0.0114	0.0114	0.00381	0.00381	0	0.0114	0	0.00762	0.0229	0.019	0.1
Variovorax	0.019	0.0419	0.0305	0.00381	0	0.00381	0.00762	0.0114	0.00381	0.0267	0	0.00762	0.00762	0.00381	0	0	0	0	0	0.0267	0	0.00381	0	0.0267	0.0114	0.0152	0.0419	0.0305	0.0152	0	0.0114	0.187	0.0495	0.0914	0.08	0.00381	0.21	0.0686	0.0229	0.1
Oligoflexus	0.0114	0.00381	0	0.00762	0	0.0114	0.019	0	0.00381	0.0114	0	0	0.00381	0	0.00381	0	0	0	0.00381	0.0114	0	0	0.00381	0.0114	0.0114	0.00762	0	0.00381	0.00381	0	0	0.00381	0	0.00381	0	0	0	0.00381	0	0.1
Azospirillum	0.00762	0.00762	0.0229	0.00762	0.0152	0.019	0.0152	0.0267	0.0152	0	0.0229	0.0267	0	0	0.00381	0	0	0	0	0.0114	0	0	0	0.00762	0.0152	0.019	0.019	0.00762	0.0152	0	0	0	0	0	0	0	0.00381	0	0	0.1
Polynucleobacter	0.0114	0.061	0.00762	0.0305	0.019	0.0267	0.0229	0.00381	0.0114	0.0343	0.00762	0	0	0	0	0	0	0	0	0.0152	0	0	0	0.019	0.0152	0.0152	0.0152	0.00762	0.00762	0	0	0	0	0	0	0	0	0	0	0.1
possible_genus_04	0.0114	0.00762	0	0	0	0	0	0.00381	0	0	0	0	0	0	0	0	0	0	0	0.0114	0	0	0	0.0152	0.00381	0.00381	0.00381	0.0114	0.019	0	0	0.00762	0.019	0.0114	0.0152	0.11	0	0.0457	0	0.1
Nitratireductor	0.00381	0.00762	0.00762	0.00381	0.0152	0.00381	0.00381	0.00381	0	0.0305	0.00762	0	0.0114	0.00381	0.0114	0.019	0.00762	0.00381	0.0114	0.0114	0.0114	0.019	0.00762	0.019	0.0152	0.0152	0.00762	0.00762	0.00762	0	0.00762	0.0229	0.0114	0.00762	0.00762	0.0343	0.0152	0.00762	0	0.1
Asteroleplasma	0	0.00381	0	0	0	0	0	0	0	0	0	0	0	0	0	0	0	0	0	0	0	0	0	0.00381	0	0	0	0	0	0	0	0.061	0.061	0.0114	0.0152	0.0381	0.0571	0	0.00762	0.1
Noviherbaspirillum	0.0648	0.0571	0.0343	0.0419	0.0343	0.0457	0.0457	0.061	0.0571	0.0381	0.0495	0.0648	0.0267	0.152	0.11	0.061	0.0952	0.0495	0.126	0.0495	0.0457	0.0495	0.0457	0.061	0.0343	0.0762	0.0838	0.0305	0.0419	0.0229	0.0457	0.0495	0	0.11	0.0876	0	0.019	0.0648	0.0533	0.1
Sanguibacter	0.0114	0.0305	0.0571	0.019	0.0381	0.0381	0.0114	0.0267	0.0114	0.0152	0.019	0.0114	0.00381	0.00762	0.00381	0.00762	0	0.00381	0.00381	0.0267	0.00762	0.00381	0	0.061	0.061	0.0571	0.0381	0.0229	0.0229	0	0	0	0	0	0.00381	0	0	0	0.423	0.1
Moheibacter	0.00762	0	0.00381	0.00381	0.0152	0.00762	0.00381	0.00381	0.00381	0	0.00762	0.00762	0.0114	0.0152	0.00381	0.0114	0.00762	0	0	0.00762	0.00381	0.0381	0	0.00381	0.00381	0	0.00762	0	0	0	0	0	0	0	0	0	0	0	0.00381	0.1
Verrucomicrobium	0.168	0.0457	0.019	0.0152	0.0229	0.0114	0.0229	0	0.00762	0.0229	0	0.00762	0	0.00381	0	0.00381	0	0.00381	0	0.0533	0	0	0	0.0267	0.0305	0.0305	0.0152	0.0152	0.00762	0	0.00762	0.00381	0.0724	0.0267	0.0381	0.103	0.107	0.00381	0	0.1
Candidatus_Methylacidiphilum	0.00381	0.183	0.0457	0.107	0.0267	0.0457	0.0724	0.0648	0.0343	0.0686	0.019	0.0152	0	0	0	0	0	0	0	0.126	0	0.00381	0	0.08	0.0762	0.0648	0.019	0.0533	0.0343	0	0	0	0	0	0	0.00381	0	0	0	0.1
Fontimonas	0.0762	0.0267	0.00381	0.0114	0.00762	0.00381	0.00381	0.00762	0	0.0152	0.00381	0	0	0	0	0	0	0.00381	0.00381	0.0152	0.00381	0.0267	0	0.0305	0.0229	0.0229	0.0152	0.00762	0.0114	0.00381	0	0	0.00381	0	0	0	0	0	0	0.1
Alkanindiges	0.152	0.133	0.69	0.751	1.42	1.4	2.4	3.1	3.87	0.16	2.01	1.98	10.8	1.01	0.625	0.495	0.674	0.591	0.187	0.122	0.21	0.19	0.297	0.156	0.251	0.21	0.377	0.545	0.625	0.0495	0.0457	0.0114	0.00762	0.0114	0.00381	0.00762	0.0114	0	0	0.1
Thermomonas	0.00762	0.019	0.0114	0	0.00381	0.0114	0.00381	0.00762	0	0	0.00381	0.00381	0.0152	0.0343	0.0533	0.08	0.0724	0.0876	0.0838	0.00381	0.0571	0.0305	0.019	0.00381	0.00762	0	0.0114	0.00762	0.0152	0.107	0.0152	0	0	0	0	0	0	0.00381	0.00381	0.1
Phormidium	0.00381	0.0114	0	0.00762	0.00762	0.0114	0.0152	0.00381	0.00381	0.019	0.00762	0.0114	0	0.00381	0.00381	0	0	0	0	0.0114	0.0114	0	0	0	0.00762	0	0.0343	0.00381	0.00381	0	0	0.00381	0	0.00762	0	0	0	0.00762	0.0724	0.1
Cellulosimicrobium	0.00762	0.0305	0.0229	0.019	0.0305	0.0305	0.0419	0.0114	0.00762	0.0305	0.00762	0.0229	0	0.00381	0.0114	0.019	0.00381	0.00381	0.00762	0.0114	0.00762	0	0.0305	0.0495	0.019	0.0229	0.0152	0.0457	0.0229	0.00381	0	0.00381	0	0.00762	0.0229	0	0.0114	0.00762	0.061	0.1
Phycicoccus	0.019	0.0229	0.0152	0.0114	0.0305	0.0114	0.0114	0.0152	0.0114	0.0114	0.00762	0.00762	0.00762	0.0114	0.00381	0.00762	0	0.00381	0.0152	0.0114	0.0114	0.0114	0.0229	0.0114	0.0229	0.00381	0.0152	0.00762	0.0152	0	0.00381	0.0267	0.0114	0.0457	0.0305	0.0114	0.0876	0.0114	0.00381	0.1
Algoriphagus	0.0648	0.0457	0.0114	0.0229	0.0152	0.019	0	0.00762	0.00381	0.0267	0.0152	0.0114	0.0114	0.0114	0.0343	0.0343	0.0343	0.0305	0.019	0.0343	0.0152	0.0229	0.0724	0.0229	0.019	0.0267	0.00762	0.00381	0.00762	0.0229	0.0305	0.00381	0	0	0	0	0	0.0267	0.0152	0.1
Geminicoccus	0	0.00381	0.00762	0.00381	0.00381	0.0114	0.00381	0	0.00381	0.0114	0	0	0.00381	0.00381	0.00762	0.0152	0.00381	0.00381	0.00381	0.0114	0	0	0	0.00381	0.00381	0.0114	0.00762	0.00762	0.00762	0	0	0.00762	0.00381	0.00762	0.00762	0.00381	0.00762	0.00762	0.00381	0.1
GKS98_freshwater_group	0.00381	0.0838	0.0229	0.0152	0.0114	0.0152	0.0305	0.00762	0.019	0.0381	0.00381	0.0152	0	0	0.00381	0.00381	0	0.00381	0	0.0267	0	0	0.00381	0.019	0.019	0.00381	0.0381	0.019	0.0343	0	0	0	0	0	0	0	0	0	0	0.1
Patulibacter	0.0419	0.0991	0.061	0.0267	0.019	0.0419	0.0267	0.019	0.0152	0.0533	0.00381	0.00762	0.00762	0.00762	0.00762	0.00762	0.00762	0.00381	0.00381	0.103	0.00762	0.00762	0	0.0495	0.0305	0.0762	0.0457	0.0343	0.0229	0.00381	0.00381	0.0686	0.183	0.145	0.179	0.103	0.0114	0.179	0.0152	0.1
AKYG587	0.0152	0.0114	0	0	0	0	0.00381	0	0	0	0	0	0	0	0	0	0.00381	0.00381	0.00381	0	0	0	0	0.00381	0	0.00381	0.0114	0	0.00381	0	0	0.0381	0.00381	0.0114	0.00381	0.0229	0.00381	0.21	0.0305	0.1
Psychrobacter	0.636	0.373	1.27	1.46	1.7	1.69	1.22	1.35	1.27	0.743	0.827	0.591	0.259	0.259	0.187	0.16	0.152	0.137	0.0419	0.815	0.0686	0.061	0.168	1.02	2.16	1.66	1.82	2.98	2.03	0.0229	0.08	0.335	0.00762	0.8	0.461	0.0229	0.00762	2.4	5.38	0.1
Achromobacter	0.0343	0.0343	0.019	0.0229	0.0229	0.0419	0.0381	0.0229	0.0305	0.019	0.0229	0.0152	0.0457	0.0152	0.019	0.0152	0.0305	0.0305	0.0229	0.0267	0.0305	0.0267	0.0305	0.0305	0.0229	0.0343	0.019	0.0267	0.019	0.107	0.019	0	0	0.00381	0.00381	0	0	0.00381	0.0114	0.1
Oscillochloris	0.0495	0.0229	0.0152	0.0114	0.00762	0.019	0	0.00381	0.019	0.019	0	0	0	0.00762	0.0229	0.0114	0.0114	0.0114	0.0305	0.0229	0.0114	0.019	0.00381	0.0152	0.0267	0.0114	0.00762	0.0152	0.0152	0.00762	0.0152	0.846	0.019	0.392	0.522	0.0152	0.305	0.107	0.331	0.1
Shinella	0.00381	0.019	0.0114	0.00762	0.00762	0.00381	0.00762	0.0114	0.0114	0	0.00381	0	0.0114	0.0381	0.0305	0.0533	0.0648	0.0419	0.0533	0.0229	0.0267	0.0381	0.0343	0.0114	0.0152	0.00762	0.0152	0.00381	0.00381	0.0457	0.019	0.0229	0	0.00762	0.00381	0	0	0.0267	0.0305	0.1
Larkinella	0.0571	0.0305	0.00381	0.0114	0	0.0114	0.0152	0.0229	0.0152	0.00381	0.00762	0.0114	0.019	0.00381	0.0267	0.019	0.0229	0.0343	0.0305	0.019	0.0114	0.00381	0.0343	0	0.0114	0.0229	0.0114	0.0152	0	0.00381	0.0152	0.0305	0.0457	0.00762	0.0114	0.00381	0.663	0.0343	0.00381	0.1
Synechococcus	0	0.11	0.0419	0.019	0.019	0.0152	0.0305	0.0457	0.0762	0.0267	0.00762	0.00762	0	0.00381	0.00381	0.0114	0	0.0114	0.0114	0.0343	0	0	0.0114	0.0457	0.0457	0.019	0.019	0.019	0.0267	0.00381	0.00381	0.0152	0	0.0152	0	0.00381	0.00381	0	0.0114	0.1
Truepera	0.0152	0.019	0.019	0.00381	0.0114	0.00762	0.0114	0.00381	0.0229	0.0267	0.00762	0.00762	0	0.00762	0	0.00762	0.00762	0.00762	0	0.0343	0.00381	0.00381	0.00381	0.0305	0.0152	0.0305	0.00762	0	0.0114	0.00381	0	0.00381	0	0.0229	0.019	0	0	0.0152	0.019	0.1
Ornithinimicrobium	0.0267	0.107	0.122	0.11	0.107	0.0952	0.0762	0.0991	0.0686	0.133	0.0914	0.0648	0.0381	0.061	0.0152	0.0305	0.0114	0.0152	0.00381	0.11	0.0267	0.0267	0.11	0.0991	0.11	0.114	0.11	0.08	0.118	0.019	0.0152	0	0	0.00381	0.0152	0.00381	0.00381	0.0267	0.0229	0.1
Rhodobacter	0.00762	0.0152	0.019	0.019	0.00762	0.00762	0.0152	0.0114	0.0267	0.0267	0.00762	0.0152	0	0	0.019	0.0152	0.00381	0.0114	0	0.061	0.00381	0.00762	0.00381	0.0343	0.0229	0.0152	0.0229	0.0152	0.019	0	0.00381	0	0	0	0	0	0	0	0	0.1
Cupriavidus	0.00762	0.00762	0.0229	0.0152	0.0114	0.0229	0.019	0.0114	0.00762	0.00762	0.00762	0.00381	0.0114	0.0533	0.00762	0.0114	0	0.00762	0	0.0152	0.00762	0.0152	0.0305	0.019	0.0114	0.00381	0.0114	0.00762	0.0267	0.0267	0	0	0	0	0.0305	0	0.00381	0	0	0.1
Anaeromyxobacter	0.019	0.0229	0	0.00381	0.00381	0	0	0.00381	0	0.00381	0	0.00762	0	0	0	0.0114	0.0114	0.019	0.0114	0.0152	0.00762	0.00762	0.00381	0.0114	0.00762	0.00762	0.00381	0.00762	0.00381	0.0343	0.0152	0.00381	0.00381	0	0	0	0.00381	0.0229	0	0.1
Pseudolabrys	0.0305	0.0114	0.00762	0.0114	0.00762	0.0229	0.00381	0.00381	0.00381	0.019	0	0.00381	0.00381	0	0	0	0.00381	0	0	0.019	0	0.0114	0	0.00381	0.00762	0.0152	0.0229	0	0.0152	0	0	0.061	0.0229	0.0381	0.00762	0.0229	0.0229	0.145	0.00762	0.1
Ralstonia	0	0.00762	0.019	0.0114	0.0381	0.00762	0.0305	0.0267	0.019	0.0343	0.00762	0	0.019	0.0343	0.0229	0.00381	0.00762	0.0267	0.0419	0.0229	0.0267	0.0419	0.0229	0.0229	0.019	0.0152	0.0267	0.019	0.0152	0.0267	0.00762	0.0114	0.00381	0.0229	0.0305	0.0381	0	0.00381	0.00381	0.1
Singulisphaera	0.00381	0.00381	0.00381	0.0152	0	0.0114	0.0152	0	0.00762	0.00381	0	0	0	0	0	0	0.00381	0	0.00381	0.00762	0.00762	0.0114	0.00762	0.0114	0.00762	0	0.0152	0.00381	0	0	0	0.0152	0.0114	0.00381	0.0305	0.019	0	0.00381	0	0.1
Cryobacterium	0.0152	0.0152	0.019	0.00381	0.00762	0.0343	0.0114	0.00381	0	0.0229	0.00762	0.0114	0.00762	0.0114	0.0152	0.0152	0.00762	0.0114	0.0114	0.019	0.0152	0.00762	0.00762	0.0152	0.0152	0.0229	0.0152	0.00762	0.0229	0.019	0.0114	0.0495	0	0.0381	0.0267	0	0.537	0.0114	0.0114	0.1
Actinoplanes	0	0.019	0.0229	0.00762	0.019	0.019	0.0114	0	0.00381	0.0114	0.00381	0.00762	0.00381	0.00381	0.00381	0	0.00762	0	0	0.00762	0	0	0.00762	0.0152	0.0152	0.0305	0.0114	0.00762	0.0114	0	0.00381	0.0152	0.019	0.0381	0.0267	0.00762	0.0152	0	0.00381	0.0
Planomicrobium	0.019	0.0305	0.0457	0.08	0.0533	0.0457	0.0229	0.0495	0.0267	0.019	0.0724	0.0419	0.00381	0	0	0	0	0	0	0.019	0	0	0	0.0533	0.0495	0.0495	0.0495	0.08	0.0838	0.00381	0	0	0	0	0	0	0	0	0.411	0.0
Aeromonas	0.00762	0	0	0.0114	0.00762	0.00762	0.00762	0	0.00381	0.00381	0	0.00762	0.00381	0	0	0	0	0	0	0.00762	0	0	0	0.00762	0	0.0114	0.00762	0.0114	0.00381	0	0	0	0	0	0	0	0	0	0	0.0
Actinotalea	0.00381	0.0267	0.0267	0.00381	0.019	0.0114	0.0152	0.0229	0.0381	0.0152	0.0305	0.0343	0.0991	0.107	0.145	0.0991	0.0419	0.08	0.0457	0.019	0.0648	0.0762	0.0952	0.0229	0.0152	0.0305	0.0152	0.0267	0.0114	0.0571	0.0229	0.00381	0	0	0	0	0	0.00381	0.019	0.0
Pantoea	0.415	0.343	0.316	0.236	0.263	0.286	0.389	0.309	0.19	0.202	0.164	0.114	0.0343	0.0457	0.0533	0.0838	0.0267	0.0457	0.0152	0.255	0.0114	0.00381	0.0152	0.305	2.12	0.347	0.271	0.274	0.278	0.697	0.00381	0.0114	0	0.00381	0.0114	0.00381	0.404	0.00381	0.225	0.0
Parafilimonas	0.0419	0.0152	0	0.00381	0	0.00381	0.00762	0.00381	0.00762	0.00762	0.00762	0	0.00762	0	0.00762	0.0114	0.019	0.00762	0.019	0.0152	0.0114	0	0.019	0.0114	0.0152	0.0114	0	0	0.00381	0.0114	0.00381	0	0	0	0	0	0	0.00762	0	0.0
Rhodoplanes	0.0152	0.0114	0.0114	0.0114	0.00381	0.00762	0	0.00381	0.00762	0.0152	0	0	0	0	0	0.00381	0.00381	0	0	0.0381	0.00381	0.00381	0	0.0229	0.0114	0.019	0.0114	0.0114	0	0	0.00381	0.0305	0.0343	0.0229	0.0229	0.0152	0.0114	0.0343	0	0.0
Aquipuribacter	0.00762	0.0571	0.019	0.0305	0.0571	0.0267	0.0419	0.0267	0.0114	0.0229	0.0152	0.0114	0.00381	0.00381	0.00381	0.019	0.00762	0	0.00762	0.0229	0.00762	0.00381	0.019	0.0305	0.0267	0.0343	0.0229	0.019	0.0305	0	0.00381	0.0152	0	0.0152	0.019	0	0	0	0.0305	0.0
Arcobacter	0	0.0114	0.00762	0.00381	0.00762	0.00381	0.00381	0.0114	0.0114	0.00381	0	0.0114	0	0	0	0	0	0	0	0.00381	0	0	0	0.00762	0.00381	0.0114	0.00381	0.00381	0.00762	0	0	0	0	0	0	0	0	0	0	0.0
Aliihoeflea	0	0.00762	0.0152	0	0	0.0114	0.00381	0.00381	0	0	0	0	0.00762	0.00381	0.00762	0.00381	0	0.00762	0	0.019	0.00381	0	0	0	0.00381	0	0.0114	0	0.00762	0	0	0.00381	0	0	0	0	0	0.00762	0	0.0
Pelomonas	0.019	0.0152	0.0114	0.00381	0	0.00762	0.0152	0.00381	0.0114	0.00762	0	0.00381	0	0	0.00381	0.00381	0.00381	0	0.00381	0.0114	0	0.00381	0.00381	0.0114	0.00762	0.0229	0.0152	0.00381	0	0	0	0.0381	0.019	0.0267	0.0381	0.0229	0.0991	0.0495	0.00762	0.0
Rhizomicrobium	0.019	0.0267	0.00762	0.00381	0.00381	0.00381	0.0114	0	0.00381	0	0	0	0	0.00762	0	0.00762	0	0.00381	0.00762	0	0.00762	0.0381	0.126	0.0114	0	0.0114	0.0114	0	0.00381	0.0305	0.0381	0.0114	0	0	0.0114	0.0495	0.0114	0.0419	0	0.0
Amaricoccus	0.00762	0.019	0.019	0.019	0.00762	0.0152	0.00762	0.00381	0.0114	0.0152	0.00762	0.00381	0.00381	0.00381	0	0	0	0	0	0.0114	0	0.00762	0	0.00762	0.00762	0.019	0.0152	0.00762	0.0114	0	0	0.061	0	0.0457	0.061	0	0.0343	0.00762	0.0114	0.0
Parasegetibacter	0.08	0.0343	0.0229	0.0229	0.00762	0.019	0.0267	0.0267	0.0419	0.00762	0.0457	0.118	0.187	0.385	0.571	0.781	0.933	1.28	0.804	0.0305	0.72	0.644	0.248	0.0305	0.0229	0.0114	0.0152	0.0114	0.0152	0.141	0.179	0.0229	0.0114	0.0267	0.0381	0.0114	0.0419	0.0762	0.0876	0.0
Gordonia	0.0152	0.0305	0.0343	0.019	0.0648	0.0152	0.019	0.019	0.0229	0.0381	0.0343	0.0114	0.0114	0.00762	0.019	0.00762	0.0114	0.0114	0.0343	0.0305	0.00762	0.0229	0.0229	0.0305	0.0229	0.0419	0.0229	0.0343	0.0419	0.00762	0.0114	0	0	0	0.0229	0.00381	0	0.00381	0.00762	0.0
Candidatus_Rhabdochlamydia	0	0	0.00381	0.00762	0	0	0.00381	0.00381	0.0152	0.0152	0.00381	0.00762	0	0.00381	0	0.00381	0.00762	0	0.0114	0	0.00762	0.00381	0.00762	0.00762	0	0.0152	0.00381	0	0.00381	0	0	0.00762	0	0	0	0.0114	0	0	0	0.0
Georgenia	0.0381	0.0762	0.0648	0.0876	0.0495	0.08	0.0495	0.0762	0.061	0.0648	0.0648	0.0457	0.0381	0.0876	0.0724	0.061	0.0114	0.0305	0.0419	0.11	0.0305	0.0305	0.0991	0.0838	0.0762	0.0952	0.0686	0.08	0.0457	0.0305	0	0.00381	0	0.00381	0	0	0	0.0114	0.0229	0.0
Terribacillus	0.00762	0.00762	0.00762	0.00381	0.00762	0.0152	0.00381	0	0	0.00762	0	0	0.00381	0	0	0	0	0	0	0.00381	0	0	0	0.00381	0.00762	0.0114	0.00762	0.0229	0.00381	0	0	0.0457	0.0152	0.0419	0.0419	0	0.019	0.00381	0	0.0
Candidatus_Solibacter	0.0114	0.00762	0.0152	0.0152	0.00381	0.00381	0.00381	0	0.00762	0.00762	0.00381	0	0	0	0	0	0	0	0	0.00762	0	0	0	0.00762	0.00381	0.0114	0.00762	0	0.00381	0	0	0.00762	0.0229	0.00762	0.00381	0.00381	0.00762	0.0152	0.00381	0.0
Thalassospira	0	0	0	0	0	0.00381	0	0	0	0	0	0	0	0	0	0.00762	0.0114	0.019	0.0267	0	0.00762	0.0838	0.0724	0	0	0	0	0	0	0.0267	0.114	0	0	0	0	0	0	0	0	0.0
Smaragdicoccus	0.0152	0.00762	0	0.00762	0.00762	0.00381	0.0114	0.00381	0.0114	0.0114	0.0229	0.0114	0.00762	0.00762	0.0114	0.00762	0.0152	0.00762	0.00762	0	0.0152	0	0	0	0.0152	0.00762	0.00762	0.0114	0.0114	0	0.00381	0	0	0	0	0	0	0	0	0.0
Kaistia	0.00381	0.00381	0.00762	0.00762	0.00381	0.0114	0.0152	0.00381	0.00381	0	0	0.00381	0.0152	0.00762	0	0.00381	0	0	0.00381	0.0114	0	0.00381	0	0.00381	0.019	0.00381	0.00762	0	0.00381	0.00381	0	0	0.00381	0.00762	0.019	0.0114	0.0114	0	0	0.0
Hydrotalea	0.00762	0	0.00381	0	0	0.00762	0.00381	0.00381	0.00381	0.00381	0	0	0.00381	0.00381	0.00381	0	0	0	0	0.0152	0	0	0.00381	0.0114	0.00762	0.00381	0.00381	0	0.0114	0	0	0	0	0	0.00762	0	0	0.00381	0	0.0
Hirschia	0.0419	0.00762	0.0267	0.00762	0.0114	0.0152	0.0114	0	0	0.019	0.00381	0.00381	0	0.0114	0.0114	0.0267	0.00381	0.0343	0.00762	0.0114	0.00381	0.00381	0.00381	0.00762	0	0.0114	0.019	0.0114	0.0152	0.00381	0.00381	0.0152	0.0152	0.00381	0.00762	0	0.0229	0.0152	0	0.0
Hydrogenophaga	0.0419	0.0267	0.00381	0.00762	0.00762	0.0152	0	0.00381	0.00381	0.0229	0.00381	0	0	0	0	0	0	0	0.00762	0.019	0.00381	0	0	0.00762	0.0114	0.019	0.0229	0.0114	0.0152	0.00762	0	0.0152	0.0229	0.0343	0.00762	0.0229	0.0114	0.0114	0	0.0
Defluviicoccus	0.0152	0.0152	0.00762	0.00381	0	0	0.00381	0	0	0.00381	0	0	0	0	0	0	0	0	0	0.00762	0	0	0	0.0114	0.00762	0.00381	0	0.00381	0.00762	0	0	0.00381	0.00381	0	0.00762	0.0152	0	0.0229	0	0.0
Comamonas	0.00381	0.0229	0.259	0.21	0.244	0.206	0.415	0.442	0.309	0.541	0.0267	0.0686	0.141	0.229	0.187	0.16	0.168	0.301	0.0267	0.297	0.0114	0.0114	0.0381	0.312	0.297	0.24	0.274	0.248	0.373	0.0686	0.00381	0.198	0.103	0.0686	0.061	0.0152	0.141	0.0495	0.0152	0.0
Cytophaga	0.0533	0.019	0	0.0114	0.00762	0.019	0.00762	0.00762	0.0152	0.00762	0.0305	0.061	0.0305	0.0305	0.0229	0.019	0.019	0.0305	0	0.00762	0.00762	0.00762	0	0	0	0.0114	0.0114	0.0114	0.00381	0.00381	0.484	0	0	0	0	0	0	0	0	0.0
Coxiella	0	0	0	0	0	0	0	0	0	0	0	0	0	0	0	0	0	0	0	0	0	0	0	0	0	0	0	0	0	0	0	0	0.0991	0.0267	0.00381	0.0267	0.00381	0.00381	0.00381	0.0
Sporocytophaga	0.00381	0	0	0	0	0.00381	0.00381	0	0	0	0	0	0	0	0	0.00381	0	0.0114	0.0229	0	0.0571	0.0152	0.00762	0	0	0	0	0	0	0.00381	0.0152	0	0	0	0.00381	0	0	0	0	0.0
Dietzia	0.00381	0.0114	0.0229	0.0267	0.0229	0.0152	0.0152	0.019	0.0343	0.0152	0.0152	0.0267	0.0267	0	0.0152	0	0	0.0152	0.00762	0.019	0.00762	0	0.00381	0.0229	0.019	0.0267	0.0267	0.0419	0.0305	0.0114	0.00381	0	0	0	0	0	0	0	0.00381	0.0
Ensifer	0.0457	0.0305	0.0305	0.0114	0.0267	0.0305	0.0533	0.00381	0.0229	0.0152	0.00762	0.00762	0.00381	0.0229	0	0.00762	0.00762	0.00762	0	0.0152	0	0.0114	0.00762	0.0343	0.0229	0.0152	0.0114	0.0114	0.0114	0.0381	0.00762	0.0229	0.0267	0.0267	0.00762	0.00381	0.0114	0.0152	0.019	0.0
Chlorochromatium	0.0533	0.0419	0.0229	0	0	0.00762	0.00381	0	0	0	0	0	0	0	0	0	0	0	0	0.00762	0	0	0	0.00762	0.00762	0.0114	0.0152	0.00762	0.00381	0	0	0	0.00381	0.00381	0	0	0	0.0152	0.00381	0.0
Emticicia	0.0686	0.0267	0.0152	0.00381	0.00762	0.00762	0.00762	0.00381	0	0.0152	0	0	0.00381	0.00762	0	0	0	0	0	0.019	0	0	0.00381	0.019	0.0152	0.00381	0.0152	0.00762	0	0	0	0	0.0457	0.00381	0.00762	0.0343	0.0114	0.118	0.0114	0.0
Domibacillus	0.373	0.274	0.309	0.267	0.24	0.21	0.282	0.175	0.202	0.251	0.644	0.602	0.0305	0.0495	0.0381	0.0267	0.0267	0.0267	0.00381	0.251	0.0267	0.0533	0.0229	0.251	0.229	0.309	0.236	0.309	0.225	0.019	0.00762	0.00762	0.0229	0.0495	0.0152	0.0114	0.00381	0.0152	1.76	0.0
Sphingorhabdus	0	0.00762	0.00381	0.0114	0.00381	0.00762	0.00381	0.0114	0	0.00762	0	0.0114	0	0	0.00381	0	0	0	0	0.0229	0	0	0	0.00762	0.0152	0	0.00762	0.00381	0	0	0.00381	0	0	0	0	0	0	0	0	0.0
Schlesneria	0.0267	0.0114	0	0	0	0	0.00381	0	0	0.00381	0	0	0.00381	0	0	0.00381	0	0	0	0	0	0	0	0	0.0114	0	0	0	0	0.00381	0	0.0762	0.0305	0.0571	0.0343	0.0114	0.0343	0.0229	0	0.0
Brachybacterium	0.0305	0.0533	0.0419	0.0724	0.0457	0.0495	0.0229	0.0229	0.00762	0.0305	0.0152	0.0114	0.00762	0	0.00762	0	0	0.00381	0	0.0495	0.00381	0.00381	0.00762	0.0648	0.0533	0.0495	0.0305	0.0381	0.0495	0.00762	0	0	0	0	0	0	0	0.00381	0.0114	0.0
MWH-UniP1_aquatic_group	0	0.00762	0.0114	0	0	0.0114	0.00381	0	0	0.00381	0	0	0	0	0	0	0	0	0	0.00381	0	0	0	0.00381	0.019	0.00381	0	0	0.00381	0	0	0	0	0	0	0	0	0	0	0.0
Bradyrhizobium	0.0267	0.0495	0.019	0.00762	0.0305	0	0.0152	0.0114	0.0114	0.0267	0.00381	0	0.0114	0.0114	0.00381	0.00762	0.00762	0.0152	0.0152	0.0305	0.0114	0.00762	0.00762	0.0152	0.0267	0.0152	0.019	0.0152	0.0114	0.00762	0.0152	0.0686	0.0952	0.0571	0.0724	0.0114	0.149	0.0648	0.00762	0.0
Rubritepida	0.00762	0.0114	0.00381	0	0	0.00762	0.00381	0	0	0.0114	0	0.00381	0	0	0	0	0	0	0.00381	0.00381	0.00762	0.0114	0.00381	0	0	0.00381	0.019	0.00381	0.00762	0	0	0.00762	0	0.00381	0.00762	0	0.0114	0	0.00381	0.0
Micromonospora	0.00762	0.00762	0.0152	0.0229	0.0152	0.0114	0.00381	0	0.00381	0.00762	0	0.00381	0	0	0	0	0	0	0	0.0114	0	0	0	0.019	0	0.019	0.0114	0.019	0.00381	0	0.00381	0.00381	0.00381	0.00762	0	0.0114	0.0114	0.00381	0	0.0
Myxococcus	0.019	0.0457	0.019	0	0.019	0.0114	0.0152	0.00762	0.0343	0.0152	0	0	0	0	0	0	0.00381	0	0	0.0114	0	0	0	0.0343	0.0533	0.0343	0.0343	0.0114	0.0114	0	0	0.00381	0	0.00381	0.00381	0	0.00381	0	0	0.0
Microcystis	0	0.202	0.061	0.0952	0.0533	0.0838	0.0762	0.0762	0.168	0.0876	0.0305	0.0419	0.0381	0.00762	0.00381	0.00381	0.019	0.019	0.00381	0.0571	0	0	0.00762	0.0762	0.11	0.0648	0.0419	0.08	0.061	0.00381	0.0114	0.00381	0	0	0	0	0	0	0.00381	0.0
Microcoleus	0.0267	0.00381	0	0	0.0152	0.00762	0.019	0.00762	0.0267	0.0114	0.00381	0.0152	0	0	0.00762	0	0	0	0	0.0152	0	0	0	0.00762	0.0152	0.0114	0.00762	0.00762	0.00762	0	0	0	0	0	0	0	0	0.00762	0.0762	0.0
Nitrobacter	0.0152	0.0152	0.00381	0.019	0.0229	0.0152	0.00762	0.00762	0.0114	0.0229	0.00381	0.00381	0	0	0	0	0	0	0	0.0229	0.00381	0.00381	0.0305	0.019	0.00762	0.0229	0.019	0	0.0152	0	0.0152	0.08	0.202	0.114	0.179	0.171	0.0381	0.305	0.019	0.0
Labrys	0.00762	0.00381	0	0.00762	0	0	0	0.00381	0	0.00762	0	0.00381	0	0	0	0	0	0.00381	0	0.00381	0	0	0	0.00762	0.0114	0.019	0.00381	0	0	0	0	0.00381	0	0	0.0114	0.00762	0.00381	0.00762	0	0.0
Candidatus_Chloroploca	0.019	0.0152	0.0152	0	0.00381	0.00381	0	0	0	0.00762	0	0	0	0	0	0	0	0	0	0.0114	0	0.00381	0	0.019	0.019	0.00762	0.0114	0.00381	0.00762	0.00381	0	0.00381	0	0.00762	0.0114	0	0.00381	0.0229	0.0114	0.0
Kribbella	0.0114	0.0152	0.00762	0.0152	0.00762	0.019	0.019	0	0	0.019	0	0	0.00381	0	0	0	0.00762	0	0	0.019	0	0	0	0.0114	0.0152	0.0152	0.0152	0.00381	0.0229	0	0	0.0229	0	0.00762	0.019	0.00381	0.0152	0.0229	0	0.0
Kineococcus	0	0	0.00762	0.0114	0.0152	0.0229	0.0152	0.00762	0	0.0114	0.00762	0	0.00381	0	0	0	0	0	0	0.0114	0	0	0.00381	0.00762	0.019	0.0229	0.0267	0	0.019	0	0	0	0	0.00381	0	0	0	0	0.00381	0.0
Siphonobacter	0.00762	0.00762	0	0	0.00381	0	0	0	0	0.00381	0	0	0.00381	0	0	0	0	0	0	0	0	0	0	0	0	0.00762	0.00381	0	0.00381	0	0	0.00762	0	0.00762	0.00762	0	0	0	0.0381	0.0
Sediminibacterium	0.00381	0.0114	0.0152	0	0.00381	0.00381	0.00381	0	0	0.0152	0	0	0	0	0	0	0	0	0	0.0152	0	0	0	0.0152	0.00762	0.00762	0.00381	0.00381	0.00381	0	0	0	0	0	0.0381	0	0	0.00381	0	0.0
Lysinibacillus	0	0.0114	0.0114	0.0495	0.0419	0.0305	0.0457	0.0152	0.00762	0.019	0.0114	0.0152	0	0	0	0	0.00381	0	0	0.0267	0	0	0	0.0267	0.0495	0.0495	0.0495	0.0305	0.0571	0	0	0.0114	0.00381	0	0	0	0	0.00762	0.122	0.0
Limnobacter	0.0114	0.0114	0.0114	0.00762	0.00381	0.0152	0.00381	0	0.00381	0.0114	0.00381	0	0.00762	0.00381	0.00762	0.0152	0	0.019	0.0114	0.00762	0.00762	0.0267	0.0152	0.019	0.00762	0.0305	0.00762	0.019	0.00762	0.00762	0	0.00381	0	0	0	0	0	0.0114	0.00762	0.0
Reichenbachiella	0.0381	0.0114	0.00762	0.00381	0.00762	0.00381	0	0	0	0	0	0	0	0.00381	0	0	0	0.00381	0	0	0	0.00381	0	0	0.00381	0.00381	0	0.00381	0.00381	0	0	0.0114	0.0495	0.00381	0.00381	0.0114	0.0152	0.0381	0.00381	0.0
Pseudarcicella	0.00762	0.0495	0.00762	0.019	0.0114	0.0114	0.0114	0.00381	0	0.0152	0	0.00381	0	0	0	0	0	0	0	0.0381	0	0	0	0.00381	0.0229	0.0114	0.019	0.0114	0.0114	0	0	0	0	0	0	0	0	0	0	0.0
Rhizocola	0.00381	0.00381	0.00381	0.00381	0.00762	0	0	0	0	0.00762	0.00381	0	0	0	0	0	0	0	0	0.0114	0	0	0	0	0.00381	0.00762	0.00762	0.00381	0.00381	0	0	0	0	0.00381	0	0	0	0	0	0.0
Rathayibacter	0.00381	0.0152	0.00381	0.0114	0.00762	0.019	0.00381	0.00381	0	0.00381	0.0114	0	0	0	0	0.00381	0	0	0	0.00381	0.00381	0.00381	0	0.00762	0.00762	0.00762	0.0114	0.019	0.0114	0.00381	0	0.00762	0	0.0114	0.0229	0	0.00762	0.00762	0.00762	0.0
Ramlibacter	0.0267	0.0419	0.00762	0.0114	0.00381	0.00381	0.019	0.019	0	0.0343	0	0	0	0	0	0.00381	0	0.00762	0	0.0381	0	0	0	0.00381	0.0305	0.019	0.0267	0.019	0.00381	0	0	0.0343	0.16	0.0343	0.0381	0.145	0.0305	0.0381	0.00381	0.0
unidentified_eubacterium_LD29	0	0.0419	0.0229	0.0152	0.0152	0.0114	0.0114	0.0267	0.0419	0.0305	0	0	0.00381	0	0	0	0.00762	0	0	0.0381	0.00762	0.00381	0.0152	0.0381	0.0495	0.0229	0.0152	0.019	0.0267	0.00381	0	0	0	0.00762	0	0	0	0	0	0.0
Solimonas	0.0114	0.0152	0.00381	0.0152	0.0114	0.00762	0.0114	0	0	0.00762	0	0	0	0	0	0	0.00381	0	0	0.00762	0	0	0	0.019	0.00762	0	0.0152	0.00381	0	0	0	0	0	0	0	0	0	0.00381	0	0.0
Solitalea	0.0114	0.00381	0	0.00381	0	0	0.00381	0	0	0	0	0	0	0	0	0	0	0	0	0.0114	0	0	0	0	0	0.00762	0.00762	0	0	0	0	0	0	0	0.00381	0	0	0	0	0.0
Solibacillus	0.061	0.0457	0.08	0.0991	0.0571	0.061	0.122	0.103	0.0838	0.0229	0.0114	0.0343	0.00381	0.00381	0	0.00762	0	0.00381	0.00381	0.0305	0	0	0	0.0419	0.0457	0.0876	0.0838	0.0495	0.0724	0.00381	0	0.00762	0.00381	0.00381	0	0.0114	0	0.0114	0.411	0.0
Shimazuella	0	0	0	0	0	0	0	0	0	0	0	0	0	0	0	0	0	0	0	0	0	0	0	0	0	0	0	0	0	0.00762	0	0	0.0229	0.00762	0.0152	0.0229	0	0	0	0.0
Snowella	0	0.00381	0	0	0	0.00381	0.00381	0	0.0114	0	0	0	0	0	0	0	0	0	0	0.00381	0	0	0	0.00762	0	0	0	0	0.00381	0	0	0	0	0	0	0	0	0	0	0.0
Terrabacter	0	0.0305	0.00381	0.0114	0.0152	0.0267	0.00381	0.00762	0.00381	0.00762	0.00381	0	0	0.00381	0	0	0.00381	0.00381	0.00762	0.00762	0	0.00381	0.00381	0.0152	0.019	0.00762	0.00762	0	0.00381	0.00381	0	0	0	0.00381	0	0	0.00381	0.00381	0.00762	0.0
Spirilliplanes	0	0.00762	0.00762	0.00762	0	0	0	0.00381	0	0.00381	0.00381	0	0	0	0	0	0	0	0	0.00381	0.00381	0	0	0.00762	0.00762	0.00381	0	0	0	0	0	0	0.00381	0	0.00381	0.00762	0	0	0	0.0
Staphylococcus	0	0.00762	0.00381	0.00762	0.0152	0.00762	0	0.00381	0.00381	0.00762	0.00381	0	0	0	0	0	0	0	0	0	0	0	0	0	0.00762	0.00381	0	0.00381	0.00381	0	0	0	0	0.00381	0.00762	0	0	0	0	0.0
Spike	0.0952	1.02	0.507	0.594	0.495	0.461	0.827	1.26	3.33	1.04	0.32	0.271	0.69	0.865	0.937	0.632	0.648	0.979	0.602	0.507	0.339	0.667	0.93	0.853	0.629	0.556	0.686	0.419	0.571	0.316	0.217	0.183	0.499	0.739	0.739	1.75	0.0419	0.171	0.107	0.0
Tahibacter	0.00381	0.0114	0.00381	0	0	0	0	0	0	0	0	0	0	0	0	0	0	0	0	0.00381	0	0	0	0.00381	0	0	0.00381	0	0.00381	0	0	0	0.0114	0.00381	0	0	0.00762	0.0457	0	0.0
Sphingosinicella	0.00381	0	0	0	0	0.00381	0	0	0	0.00381	0	0	0	0	0	0.00381	0	0	0	0	0	0	0	0.00381	0.00381	0	0	0	0	0.00381	0.00381	0.00381	0	0	0	0	0.0114	0.00381	0	0.0
Vitellibacter	0.00381	0	0	0.00381	0.00381	0	0	0	0	0.0114	0	0	0	0	0	0	0	0	0	0.0114	0.00381	0.00762	0.0114	0.00381	0	0.00381	0	0.00381	0.00381	0	0.0152	0	0	0	0	0	0	0.00381	0	0.0
Salana	0.00762	0.0419	0.0114	0.0114	0.019	0.0229	0.0152	0.0229	0.00762	0.0152	0.0305	0.00762	0.0114	0.00762	0.00762	0.00381	0.00381	0.0152	0.00381	0.0114	0.00762	0.0114	0.00762	0.0267	0.0267	0.00762	0.0267	0.00762	0.0267	0	0.00762	0.0305	0	0.019	0.0152	0	0.00381	0.00381	0.0838	0.0
Williamsia	0	0.00381	0	0	0	0	0	0.00381	0	0	0	0	0	0	0	0	0	0	0	0	0	0	0	0	0	0.00381	0.00762	0.00762	0	0	0	0	0	0	0	0	0	0	0	0.0
Roseimaritima	0.00762	0.0267	0.019	0.0495	0.0229	0.0114	0	0.0152	0	0.0114	0.00381	0	0.0114	0	0.00762	0.00381	0.0381	0.0229	0.0114	0.0152	0.0381	0.0343	0.0343	0.0229	0.0114	0.0114	0	0.0114	0.0152	0.0229	0.0152	0	0	0	0	0	0	0	0	0.0
Rubidimonas	0.00381	0.0114	0.0114	0.00381	0	0	0.00381	0	0	0.00762	0.00381	0.00381	0.0152	0.00762	0.0114	0.00762	0.0114	0.00381	0.00381	0.00381	0.00381	0.00381	0.0114	0.00381	0.00762	0.00381	0	0.00762	0	0	0.0114	0	0	0.0152	0.019	0	0	0.00381	0	0.0
Salinibacterium	0.0267	0.0114	0.0305	0.019	0.0152	0.00381	0.0152	0	0.0114	0.0305	0	0.00762	0.00762	0.0114	0.0114	0.00381	0.0267	0.0152	0.0114	0.0343	0.0267	0.0152	0.0229	0.0152	0.0152	0.00762	0.0267	0.019	0.019	0.00762	0.0152	0	0.0343	0.0114	0.0305	0.0114	0	0.0114	0.00381	0.0
Serratia	0.00762	0.00381	0.019	0.00762	0.00381	0	0.00381	0.00381	0	0.0114	0	0	0	0	0	0	0	0	0.00762	0	0.00381	0	0	0	0.00381	0.0152	0	0.00381	0.00762	0	0	0.0152	0	0.00381	0.0114	0	0.206	0.00381	0.00381	0.0
Shewanella	0.00381	0.00762	0.00762	0	0	0.0229	0.00762	0.00381	0	0	0.00381	0.019	0.0114	0	0.00381	0	0	0	0	0	0	0	0	0	0	0.00381	0.00381	0.00381	0	0	0	0	0	0	0	0	0	0	0	0.0
Sandarakinorhabdus	0	0.019	0	0.0267	0.0114	0.00381	0.0152	0	0	0.0114	0.00381	0	0	0	0	0	0	0	0	0.0152	0	0	0	0.019	0.0152	0.00381	0	0.0114	0.0114	0	0	0	0	0	0	0	0	0	0	0.0
Salinimicrobium	0.00381	0	0	0.00381	0	0	0.00381	0.00381	0.019	0.00381	0	0.00762	0.00762	0.00381	0	0.00381	0.00381	0	0	0	0	0	0.0152	0	0	0	0	0	0.00762	0	0.00381	0	0	0	0	0	0	0	0	0.0
Sandaracinus	0	0	0	0	0	0	0	0	0	0.00762	0	0	0	0	0	0	0	0	0	0	0	0	0	0.00762	0	0	0.00381	0	0	0	0	0	0.00762	0.00381	0	0.019	0	0	0.00381	0.0
Dokdonella	0	0.00381	0.00762	0	0	0.00381	0	0	0.00381	0	0.00381	0	0	0	0	0	0	0.00381	0	0.00381	0.00381	0	0.00381	0.00381	0	0	0.00762	0	0.00762	0	0	0.00381	0	0	0	0	0.00381	0	0.00381	0.0
Desertibacter	0	0.0305	0.00381	0.00762	0.00762	0	0.00381	0.00762	0.00381	0.00762	0	0	0	0	0	0	0	0	0	0.0114	0	0	0	0.00381	0.00381	0	0.00762	0.00762	0.00381	0.00381	0	0.0152	0	0.0343	0.0152	0	0.00381	0	0.0114	0.0
Dongia	0.00762	0.00381	0	0	0	0.00381	0	0	0	0.00381	0	0	0	0	0	0	0	0	0	0.00381	0	0	0	0	0	0	0.00762	0.00381	0	0	0	0.0114	0.0114	0.0114	0.00381	0.00381	0.0229	0.0152	0.00381	0.0
Epilithonimonas	0	0.00762	0.00381	0.00762	0.0152	0.0114	0.0267	0.0152	0.0229	0.00762	0.0419	0.0229	0.0152	0.00381	0.00762	0	0.0152	0	0.00381	0.00381	0.0914	0	0.00381	0.0152	0.0229	0.00762	0.0114	0.0152	0.00762	0	0	0	0	0	0	0	0	0	0	0.0
Duganella	0.00381	0.0838	0	0	0	0	0	0.00381	0	0.0152	0	0	0	0	0	0	0	0	0	0	0	0	0	0.00381	0	0.00762	0.00381	0	0.00381	0	0	0	0	0	0	0	0	0	0	0.0
Corallococcus	0	0.00381	0.00762	0.00762	0	0.0114	0.00762	0.00381	0.00762	0.00381	0	0	0	0	0.00381	0	0	0	0	0.00381	0	0.00381	0	0.0114	0.00381	0.00381	0	0.0152	0.00381	0	0	0	0	0	0	0.0114	0.00381	0	0	0.0
Conexibacter	0.00762	0	0.00381	0.00381	0.00381	0	0	0.00381	0	0.0152	0.00381	0	0	0.00381	0.00381	0	0	0	0	0.00381	0	0	0	0.00381	0.00381	0.00381	0	0.00381	0.00381	0	0	0.00381	0	0.00381	0.00381	0.00762	0	0	0	0.0
Crocinitomix	0.0229	0.00381	0.00381	0.00762	0.0114	0.00762	0	0.00381	0	0.00762	0	0	0	0	0	0	0	0	0	0.0152	0	0	0	0	0.00762	0.0114	0.00762	0.00381	0.00762	0	0	0	0	0	0	0	0.00381	0.00762	0	0.0
Desemzia	0.00381	0.00762	0.00381	0.00381	0	0.00381	0.00381	0	0.00381	0	0	0	0	0	0	0	0	0	0	0.00381	0	0	0	0	0.00381	0.0114	0.00381	0	0.0114	0	0	0	0	0	0	0	0	0	0	0.0
Curvibacter	0.019	0.0229	0.0152	0.00381	0.0152	0.00381	0.00762	0.00381	0.00381	0.019	0.00762	0.00381	0	0	0	0.0343	0.019	0.0152	0.0114	0.019	0.0267	0.00381	0.00381	0.00762	0.0152	0.0152	0.0152	0.00381	0.00381	0	0.0114	0.00381	0.00762	0	0	0	0.00762	0.0114	0.0114	0.0
Intestinibacter	0.00762	0	0	0	0.00762	0	0	0	0	0.00381	0.00762	0	0	0	0	0	0	0	0.00381	0	0.00381	0.00381	0.00762	0	0.00381	0.00381	0	0	0	0	0	0	0	0	0	0	0	0	0	0.0
Halomonas	0.00762	0.00381	0	0.00381	0.00381	0.00381	0.00381	0.00381	0	0	0	0	0	0	0.00381	0	0	0	0	0.00381	0	0	0	0	0	0	0	0	0.00762	0	0	0	0	0	0	0	0	0.0114	0	0.0
Janibacter	0.0114	0.0571	0.0952	0.0495	0.0648	0.0571	0.0305	0.0724	0.061	0.019	0.0419	0.0381	0.0229	0.0419	0.08	0.0457	0.0267	0.0267	0.0419	0.0343	0.0419	0.0381	0.0762	0.0343	0.00762	0.0343	0.0495	0.0495	0.019	0.0343	0.0457	0.107	0.019	0.297	0.248	0.0114	0.175	0.0229	0.0838	0.0
Jatrophihabitans	0.00762	0.00381	0.00381	0.00381	0.00381	0	0	0	0	0.00381	0	0	0	0	0	0	0	0	0	0.00762	0	0	0	0	0.00381	0.00381	0.0152	0.00381	0	0	0	0	0.00381	0	0	0	0	0.00381	0	0.0
Janthinobacterium	0	0	0	0	0	0	0	0	0	0	0	0	0	0	0	0	0	0	0	0	0	0	0	0	0	0	0.00381	0.00381	0	0	0	0	0	0	0	0	0.133	0	0	0.0
Ferrovibrio	0.00762	0.0114	0.00381	0	0.00762	0.00381	0.00381	0.00762	0	0	0	0	0	0	0	0	0	0	0	0.0114	0	0.00381	0	0	0	0	0.00381	0	0	0	0	0.00762	0.00381	0.00381	0	0.00762	0.0152	0	0	0.0
Falsirhodobacter	0	0	0	0	0	0.00381	0	0	0	0.00381	0	0	0	0.00381	0	0	0	0.00381	0	0	0.00381	0	0	0.00762	0	0	0.00381	0.00381	0	0	0	0	0	0	0.00381	0	0	0	0.0305	0.0
Filimonas	0.0152	0	0	0	0	0	0	0	0	0	0.00381	0	0	0.00381	0	0.00381	0	0.00762	0	0	0.00381	0.00381	0.00762	0	0	0	0	0	0	0.00762	0.00381	0.00381	0.00381	0	0.00381	0	0	0.019	0.00381	0.0
Glycomyces	0.0305	0.0495	0.0229	0.00762	0.0229	0.0229	0.0152	0.00762	0.00381	0.0114	0	0.00381	0.00381	0	0	0.00381	0	0	0	0.0457	0	0.00381	0	0.0229	0.0114	0.0229	0.019	0.00762	0.00381	0	0	0	0	0.0152	0.0267	0	0	0.00381	0	0.0
Frigoribacterium	0	0.0114	0.00381	0.0114	0.0114	0.00762	0	0.00381	0	0.00762	0	0	0	0	0	0	0	0	0	0.00762	0	0	0	0	0.00381	0.00762	0.00762	0.00381	0.0114	0	0	0	0	0.00381	0.00381	0	0	0	0.0114	0.0
Bacteriovorax	0.061	0	0	0	0.00381	0	0.00381	0.00381	0.00762	0	0	0.00762	0.0114	0	0	0.0152	0.0152	0.00381	0.00381	0.00762	0.00381	0.0152	0	0	0.00381	0	0	0	0.00381	0.00381	0.0457	0	0	0	0	0	0	0.00381	0	0.0
Azohydromonas	0.0381	0.0571	0.0419	0.0152	0.019	0.0114	0.0305	0.0114	0.0114	0.0152	0.00762	0	0	0.00381	0.00762	0.0114	0.00381	0.00381	0	0.0495	0.00762	0	0	0.0305	0.00381	0.0419	0.0229	0.019	0.0152	0.00381	0.00381	0.0381	0.0343	0.0533	0.061	0.00762	0.0267	0.0152	0.00762	0.0
Belnapia	0	0.00762	0.00762	0.00381	0	0.00381	0.00381	0	0.00381	0.00381	0.00381	0	0	0	0	0	0	0	0.0114	0.00762	0	0	0.00381	0	0.00762	0.00381	0	0.00381	0	0.00381	0	0	0	0.00381	0.00381	0	0	0	0	0.0
Caenimonas	0.0152	0.0229	0.00762	0	0	0.00381	0	0	0.00381	0.0114	0	0	0	0	0	0	0	0	0	0.0229	0.00381	0	0	0.0114	0.00762	0.0114	0	0.00762	0	0	0	0.0152	0.0229	0.019	0.00762	0.0267	0.0114	0.0267	0	0.0
Brochothrix	0	0	0.0114	0	0	0.00762	0.0114	0	0.00381	0.00381	0	0	0	0	0	0	0	0	0	0	0	0	0	0.00381	0	0.0305	0.00381	0.00762	0	0	0	0	0	0	0	0	0	0	0	0.0
Actinophytocola	0.019	0.0114	0.0114	0.0152	0.00762	0.00381	0.00762	0	0.00381	0	0	0	0	0	0	0	0	0	0	0.0267	0	0	0	0.0114	0.0152	0	0	0.00762	0.00381	0	0	0.00381	0	0	0	0	0	0.0114	0	0.0
Acidothermus	0	0.0114	0	0	0	0.00381	0	0.00381	0	0.00762	0	0	0	0	0	0	0	0	0	0	0	0	0	0	0	0	0	0	0.00381	0	0	0	0	0.0114	0.00762	0	0.00381	0	0	0.0
Albidiferax	0.00381	0.00381	0.00381	0.00381	0.00381	0.00381	0.0114	0	0	0.00381	0	0.00381	0	0.00381	0	0	0	0	0	0.0114	0	0	0	0	0.00381	0.00381	0.00381	0	0.00762	0	0	0.00381	0	0	0	0	0	0	0	0.0
Arcicella	0.0114	0	0.00381	0	0	0	0.00381	0	0	0.00381	0	0	0	0.00381	0.00762	0.00381	0.00762	0	0	0	0	0	0	0	0.00381	0.00381	0.00381	0	0.00381	0.00381	0	0.00762	0	0	0	0	0.149	0.122	0.00381	0.0
Aminobacter	0.00381	0.00381	0	0	0	0	0.00762	0.00381	0	0	0.00381	0.00381	0	0.0152	0	0	0.00381	0	0.00381	0	0.00381	0	0.00381	0	0	0.0114	0.00762	0	0	0	0.00381	0	0.0152	0	0	0.00762	0.0152	0	0	0.0
Chryseolinea	0.00762	0.00381	0.00381	0	0.00762	0.00381	0.00381	0.00381	0	0	0	0	0	0.00381	0.00381	0	0	0	0	0	0.00381	0	0	0.0114	0.00381	0.00762	0	0	0.00381	0.00381	0.00762	0.419	0.149	0.118	0.0876	0.0381	0.571	0.145	0.019	0.0
Cesiribacter	0.0114	0	0	0	0	0.0114	0.00381	0.0114	0.00381	0.00381	0	0.00381	0.00381	0.00762	0	0.00381	0.0229	0.0114	0	0	0.00381	0	0	0.00762	0.00762	0.00381	0.0114	0.00381	0.00381	0.00381	0.00381	0	0	0	0	0	0	0	0	0.0
Chryseomicrobium	0.00762	0.0152	0.0229	0.0343	0.0229	0.019	0.0381	0.0152	0.0152	0	0.0495	0.0686	0.0152	0.11	0.0457	0.0114	0	0.0305	0.00762	0	0.0152	0.0343	0.0267	0.00762	0.00381	0.0114	0.019	0.0343	0.019	0.00762	0	0.00762	0	0	0	0	0	0	0.0114	0.0
Cohnella	0.0419	0.00381	0.0229	0.0152	0.0229	0.00762	0.0114	0.0305	0.00762	0.0114	0.0495	0.168	0.575	0.789	0.225	0.126	0.206	0.145	0.206	0.0152	0.0419	0.305	0.0876	0.0229	0.0114	0.0114	0.0229	0.019	0.0114	0.0114	0.0267	0.00762	0.00762	0.00762	0.0114	0.00381	0.00762	0.00762	0.00381	0.0
Chthonomonas	0.00381	0	0	0	0.00381	0	0	0	0	0	0	0	0	0	0	0	0	0	0	0.00762	0	0	0	0.00762	0	0.00381	0	0	0	0	0	0.00381	0	0.0152	0	0.00762	0	0.00381	0	0.0
Candidatus_Limnoluna	0	0	0.00381	0	0	0	0	0.0114	0	0.0114	0	0	0	0	0	0	0	0	0	0.00381	0	0	0	0.00762	0	0	0.00381	0.00381	0	0	0	0	0	0	0	0	0	0	0	0.0
Candidatus_Aquirestis	0.0114	0.0914	0.0457	0.0571	0.0457	0.0457	0.08	0.0381	0.0381	0.0876	0.0152	0.0229	0	0	0	0.00381	0	0.00762	0	0.0419	0.00381	0	0.00381	0.0686	0.0419	0.0343	0.0381	0.0686	0.0648	0	0	0.00381	0	0	0	0	0	0	0	0.0
Candidatus_Nitrosoarchaeum	0.0381	0.00762	0.00381	0	0	0	0	0	0.00381	0	0	0	0	0	0	0	0	0	0.00381	0.0114	0	0	0	0.00381	0.00762	0	0.00381	0.00381	0	0	0	0	0	0	0	0	0	0	0	0.0
Carnobacterium	0.019	0	0	0.00762	0.019	0.019	0.00762	0.00762	0.00762	0	0.00381	0	0	0	0	0	0.00381	0	0	0.0114	0	0	0.0114	0	0.0152	0.0229	0.0114	0.0114	0.0267	0	0	0	0	0	0	0	0	0	0.0114	0.0
Candidatus_Planktophila	0	0.00381	0	0.00762	0.00381	0	0	0.00762	0	0.019	0	0	0	0	0	0	0	0	0	0.00381	0	0	0	0.00762	0	0.0114	0	0.00381	0.00381	0	0	0	0	0	0	0	0	0	0	0.0
Kitasatospora	0.0114	0.0152	0.0152	0.019	0.0114	0.00381	0.019	0	0.00381	0.0267	0	0	0	0	0	0.00381	0	0.00381	0	0.0152	0	0.00762	0	0.0152	0.0114	0.0229	0.00762	0.00762	0.0152	0	0	0.00762	0	0	0.0152	0.0229	0	0.00762	0.00762	0.0
Paenisporosarcina	0.00381	0	0.00762	0.019	0.019	0	0	0.00762	0.00381	0.00381	0.0114	0.00381	0.00381	0.00762	0.0114	0	0	0.00381	0	0.00381	0	0	0.00381	0.00762	0.00762	0	0.0114	0.0267	0.00762	0	0	0	0	0.00381	0.00381	0	0	0.00381	0.0686	0.0
Owenweeksia	0	0.0381	0.00381	0.019	0.0152	0.0152	0.00381	0.00381	0.00762	0.0114	0.00762	0.00381	0	0	0	0	0	0	0	0.0267	0	0	0	0.00762	0.0114	0.00762	0.0152	0.00762	0	0	0	0	0	0	0	0	0	0	0	0.0
Panacagrimonas	0.00381	0.00762	0	0.00381	0	0	0.00762	0	0	0	0	0	0	0	0	0.00381	0	0	0	0.00381	0	0.00762	0	0	0.00381	0.00381	0	0	0.00381	0	0.00381	0.00381	0	0.00381	0	0	0	0.0495	0	0.0
Parvularcula	0.00381	0.00762	0	0	0	0	0	0	0	0.00381	0	0	0	0	0	0	0.00381	0	0	0	0	0	0.00381	0.00381	0.00381	0.00762	0.00381	0.00381	0.00762	0	0	0.0343	0	0.0305	0.0305	0	0.0114	0.0838	0.0229	0.0
Parapusillimonas	0.00762	0.00381	0	0	0	0	0.00381	0	0.0114	0	0.00762	0.00762	0.0457	0.274	0.305	0.152	0.171	0.0952	0.0952	0.00762	0.362	0.343	0.648	0.00762	0.00381	0	0.00381	0	0.00381	0.107	0.0571	0.00381	0.00381	0	0.0152	0	0	0	0	0.0
Nocardiopsis	0.00762	0.00762	0.0114	0.019	0.00762	0	0.00762	0	0.0114	0.0152	0.00381	0	0	0	0	0.00381	0	0	0.00381	0.00762	0	0	0	0.00381	0.00762	0.00381	0.0114	0.00381	0.0114	0	0	0.00381	0	0	0.0229	0	0	0	0	0.0
Nitrolancea	0.00381	0.0114	0.00381	0	0	0	0	0.00762	0	0.00762	0.00762	0	0	0	0	0	0	0	0	0.00762	0	0	0.00381	0.00381	0	0	0	0	0	0	0	0.00762	0.00762	0.00381	0	0	0	0.0152	0.00381	0.0
Oceanobacillus	0	0.00381	0.0114	0	0	0.00381	0	0	0.00762	0.00381	0.00381	0	0	0	0	0	0	0	0	0	0	0	0	0	0	0	0.00381	0.00381	0	0	0	0.00381	0.00762	0.0114	0	0	0	0.00762	0.00762	0.0
Ornithinicoccus	0	0.00381	0	0	0.00381	0.00381	0.0114	0	0	0.00381	0.00381	0.00381	0	0	0.00381	0	0.00381	0	0.00381	0	0	0	0	0.019	0.00381	0	0.00762	0.00381	0.00762	0	0	0	0	0	0	0	0	0.00381	0	0.0
Ornatilinea	0.00381	0	0	0.00381	0.00381	0	0	0	0	0	0	0	0	0	0	0	0	0	0	0.00381	0	0	0	0	0	0	0	0.00381	0	0	0	0.00381	0.019	0	0	0.0114	0.00381	0.00381	0	0.0
Prosthecomicrobium	0	0.00381	0	0	0	0	0	0	0	0.00381	0	0	0	0	0	0	0	0	0	0.00381	0	0	0	0	0	0.00381	0.00381	0	0.00381	0	0	0.0229	0	0.0152	0.0229	0	0.0267	0.00762	0.00762	0.0
Propionibacterium	0.00381	0.00381	0.00381	0	0.00381	0.0114	0.00381	0	0	0.0114	0.00381	0	0	0	0.00762	0.00381	0.00762	0.00381	0	0.00381	0.00381	0.00762	0	0.00762	0.00762	0	0.0114	0.0152	0.00762	0	0	0	0.00381	0	0.019	0.00381	0	0	0	0.0
Pseudoclavibacter	0.00381	0.0152	0.0152	0.019	0.0114	0.019	0.00762	0.0152	0.00381	0.0152	0	0.0114	0	0	0.00381	0.00381	0	0.00381	0	0.0114	0	0	0.00762	0.00762	0.0152	0.00762	0.00762	0.0229	0.0229	0.00762	0	0	0	0.00381	0	0	0	0.00381	0.221	0.0
Psychrobacillus	0.00381	0.0114	0.00381	0.00381	0.0114	0.00381	0.0114	0.00381	0.00762	0.00762	0.00762	0.00381	0.00762	0.00381	0	0.00381	0	0	0	0.00381	0.00381	0	0.00381	0.0114	0.0305	0.00762	0.0114	0.00762	0.019	0	0	0.0305	0	0.00762	0	0	0	0	0.0838	0.0
Pseudoxanthobacter	0	0	0.00381	0	0	0	0	0.00381	0	0.00381	0.00381	0.00381	0	0	0	0	0.00381	0	0	0.0114	0	0.00381	0	0.0114	0.00381	0	0	0	0	0	0	0.00381	0.0152	0.00381	0.00762	0.0305	0.0114	0.00381	0	0.0
Pleomorphomonas	0.00762	0.0114	0	0.0114	0	0.0114	0	0.00381	0.0152	0.00381	0	0	0	0.00762	0.00381	0.0152	0.00381	0.0114	0.0114	0.019	0.00762	0.00762	0.00762	0.0152	0.0114	0.00381	0.00381	0.00381	0.0152	0	0	0.00381	0.00381	0.0114	0	0	0	0.00381	0.0152	0.0
Persicitalea	0.0152	0	0	0	0.0114	0	0.00381	0.0114	0.00381	0.00381	0	0.00381	0.00762	0.00381	0.00762	0.00762	0.0114	0.00762	0.0114	0.00381	0.0114	0.00762	0.00381	0.0152	0.00762	0.00762	0	0.00762	0.00381	0.0114	0.019	0.0114	0.00381	0.00762	0.0267	0	0.0114	0.194	0.126	0.0
Polaromonas	0	0	0.00381	0.00381	0.00381	0.00381	0.00381	0.00381	0	0.00762	0	0	0	0	0	0	0	0	0	0.00762	0	0	0	0.0114	0.00381	0.00762	0.0152	0.00381	0.00381	0	0	0	0	0	0	0	0.00381	0	0	0.0
Promicromonospora	0.0152	0.00762	0.019	0.00762	0.00381	0	0.00381	0.00762	0	0.0152	0.00381	0.00762	0	0	0	0	0	0.00381	0	0.0229	0	0	0	0	0.00762	0.0305	0.0267	0.0152	0	0	0	0	0	0	0.019	0	0.00381	0	0	0.0
Porphyrobacter	0.00762	0.00381	0.00381	0.00381	0	0.00762	0	0.00381	0	0.00381	0.0114	0	0	0.00381	0.00381	0	0	0	0	0.00381	0	0	0.00381	0.00381	0.0114	0.00381	0.00762	0.00762	0	0	0.00381	0.00762	0.00381	0.00381	0	0.00381	0	0.00381	0.00381	0.0
Leuconostoc	0	0	0.00381	0.00762	0	0.00381	0.00381	0	0.00381	0	0	0	0	0	0	0	0	0	0	0.00381	0	0	0.00381	0	0	0.00381	0.00381	0.0152	0.00381	0	0	0	0	0.00381	0	0	0	0	0	0.0
Leucobacter	0	0	0.00762	0.00381	0.00762	0.00762	0	0.00762	0.0229	0.00762	0	0	0	0.00762	0.00762	0.00762	0	0.00381	0.00381	0.00762	0	0	0	0	0.00762	0.00381	0.00381	0.0114	0.00762	0.00762	0.00762	0.00381	0	0	0	0	0	0.00381	0.0381	0.0
Limnohabitans	0	0.0114	0.00762	0.00762	0.0152	0.00381	0	0.00381	0	0.00381	0	0.00762	0	0	0	0	0	0	0	0.00762	0	0	0.00381	0.00762	0.00762	0.0114	0.00381	0	0	0	0	0	0	0	0	0	0	0	0	0.0
Marinoscillum	0.00762	0.00381	0	0	0	0.00762	0	0	0	0.00762	0	0	0	0	0	0	0	0	0	0.00762	0	0	0	0	0	0.00381	0	0	0	0	0	0	0.00762	0	0.00381	0	0.00381	0	0	0.0
Longispora	0.00381	0.00381	0.00381	0	0.00762	0.00381	0.00381	0	0	0.00762	0	0	0	0.00381	0	0	0	0	0	0	0	0	0.00381	0.00381	0	0	0.00381	0	0	0.00381	0	0.0229	0.0229	0.00762	0.0152	0	0.00762	0.0114	0	0.0
Kocuria	0.118	0.914	1.1	0.758	0.56	0.686	0.48	0.427	0.263	0.652	0.16	0.168	0.00762	0.0305	0.0229	0.0152	0.0114	0.019	0.0152	0.804	0.0305	0.0229	0.0381	0.853	0.686	0.842	0.911	0.697	0.644	0.0152	0.0152	0.271	0	0.518	0.392	0.00762	0.00762	0.0495	0.591	0.0
Klebsiella	0.0343	0.0267	0.0457	0.0571	0.0343	0.0114	0.0457	0.0343	0.0267	0.0229	0.0343	0.00381	0.0114	0	0.00381	0.00381	0.00381	0.00762	0.00381	0.0305	0.00762	0	0.0533	0.0381	0.0229	0.0229	0.0152	0.0114	0.0305	0	0.00762	0.00381	0	0	0	0	0.00381	0	0.00762	0.0
Lacibacter	0.0152	0.0114	0	0	0.00381	0.0114	0.00381	0	0	0	0	0	0	0	0	0	0	0	0	0.00381	0	0	0	0.0152	0	0.00762	0	0	0	0	0	0	0	0	0.0152	0	0.0114	0.019	0	0.0
Lentzea	0.00381	0	0.00381	0	0	0.0114	0	0.00381	0	0.00381	0	0	0	0	0	0	0	0	0	0.0114	0	0	0	0.00381	0	0.00762	0	0	0.00381	0	0	0.00762	0	0	0.0152	0.00381	0.00381	0.019	0	0.0
Lechevalieria	0.00762	0.0152	0.00762	0.0229	0.0152	0.00381	0.0152	0.00381	0	0.0267	0	0	0	0	0	0	0	0	0	0.019	0	0	0	0.00381	0.00762	0.0114	0.00762	0.00381	0.0114	0	0	0.0533	0.0267	0.0305	0.0267	0	0.00381	0.0495	0	0.0
Neochlamydia	0.0267	0.00381	0	0.00381	0	0.00381	0	0	0	0.00381	0	0	0	0	0	0	0	0	0	0.00762	0	0	0	0	0.00762	0	0	0.00381	0.00381	0	0	0	0.0648	0.00381	0.00762	0	0	0.00381	0.0114	0.0
Myxococcales_bacterium_Gsoil_473	0.00381	0	0.0114	0	0.00381	0.00381	0	0	0	0.0114	0	0	0	0	0	0	0	0	0	0	0	0	0	0	0	0	0	0	0	0	0	0	0	0.00381	0.00381	0.00381	0	0.00381	0	0.0
Neorhizobium	0.019	0.00381	0.00381	0.00762	0.00762	0.0114	0	0.00381	0.0114	0.0114	0.00762	0.00381	0.0305	0.0114	0.0229	0.0229	0.00381	0.019	0.00381	0.019	0	0	0.0229	0.00381	0.00381	0.0114	0.00381	0	0	0.0343	0.0114	0	0	0	0	0	0	0	0	0.0
Nitriliruptor	0.00381	0.0229	0.00762	0.019	0.00762	0.00762	0.00762	0.00381	0	0.00762	0	0	0.00381	0	0	0.00381	0.00762	0.00381	0.00762	0.0152	0.00381	0.019	0	0.00762	0.0152	0.0114	0.0114	0.00381	0.0114	0	0.0152	0.00381	0.00381	0.00381	0.00762	0	0	0.019	0	0.0
Niabella	0.0229	0.0152	0	0	0.00381	0.00381	0.0114	0	0.0229	0.00762	0.00762	0	0.0114	0.00381	0.00762	0.0305	0.00762	0	0	0	0	0	0.019	0	0.00381	0	0.00762	0	0.00381	0	0.00381	0	0.00381	0.00762	0	0	0.00381	0.0267	0.00381	0.0
Methylophilus	0.0838	0.019	0.0114	0.00381	0	0.0152	0.019	0.00762	0	0.0343	0	0	0	0.00381	0	0	0.00762	0	0	0.0152	0	0	0	0.019	0.0267	0.0305	0.0381	0.0152	0.0114	0.0571	0.0114	0	0	0	0	0	0	0	0	0.0
Methylophaga	0.0381	0.00762	0.00381	0	0.00381	0	0.00381	0	0	0.00762	0	0.00381	0	0	0	0	0	0	0	0.00381	0	0	0	0.00762	0	0.00381	0.00381	0.00381	0	0.019	0	0	0	0	0	0	0	0.00381	0	0.0
Micropruina	0	0	0	0.00762	0	0	0	0.00381	0	0	0	0.00381	0	0	0	0	0	0	0	0	0	0	0.00381	0	0.00381	0	0	0	0	0	0	0	0	0.0457	0.0267	0.00381	0.00381	0.00381	0.0114	0.0
Muricoccus	0.00381	0.00762	0	0	0	0	0.00381	0.00762	0.00381	0	0.00762	0	0	0.00381	0.00381	0	0.00381	0.00381	0	0	0	0	0	0.00381	0	0	0	0.00381	0	0	0	0	0	0	0.00381	0	0	0	0.00381	0.0
Moraxella	0	0.00762	0	0	0.0114	0.00381	0.00381	0	0.00381	0	0	0.00762	0	0	0	0.00762	0	0	0.00381	0	0	0	0.00381	0	0	0	0.00381	0.0114	0	0	0	0	0	0	0.00381	0	0	0	0	0.0
