Class	A.0	A.1	A.11	A.12	A.13	A.14	A.15	A.16	A.17	A.2	A.20	A.21	A.23	A.24	A.25	A.26	A.27	A.28	A.29	A.3	A.30	A.32	A.34	A.4	A.5	A.6	A.7	A.8	A.9	BS.2	CS.2	G.1	G.2	G.3	G.4	G.5	GR.01	LW.1	T.1	All
Alphaproteobacteria	7.43	9.33	7.46	6.77	6.35	6.81	6.35	6.14	7.1	6.8	7.6	5.79	8.81	13.8	14.6	15.2	13	12.8	14.3	8.63	13.9	16.5	14	7.27	6.24	6.82	6.02	5.52	6.12	11.5	12.1	8.51	8.46	9.97	7.54	4.8	9.25	7.89	6.37	13.6
Actinobacteria	11.3	24	24.1	23.6	22.6	23.4	18.1	17.9	20.3	19.6	23.5	20.5	11.3	14.9	13.5	11.1	8.52	10.3	10.6	22.5	12.3	11.2	16	22.9	21	22.7	24.5	21.8	21.7	14.4	11.7	25.8	17	27.4	27.8	13.1	38.6	14.5	22.5	9.7
Unassigned	8.4	3.35	2.5	2.63	2.39	2.62	2.46	2.23	2.5	2.53	1.8	3.55	6.04	7.3	7.97	7.74	11.3	9.09	16.3	3.02	13.6	11.6	4.04	3.19	3.04	3.3	2.83	2.44	2.41	14	26.2	5.2	8.74	4.27	5.04	9.35	8.35	10.5	6.42	8.9
Sphingobacteriia	10.7	4.96	3.18	3.33	3.27	3.78	4.11	3.82	5.38	3.27	4.15	5.13	8.53	10.7	11.7	12.4	16.1	15	10.7	4.62	11.8	10.2	13.3	3.83	3.89	4.19	3.04	3.36	2.98	9.41	10.5	4.02	4.24	2.55	2.47	1.93	5.46	6.95	2.87	8.2
Gammaproteobacteria	10.6	18	27.9	29.8	34.1	30.5	35	39.6	32	34.2	34.5	37.9	40.1	23.8	24.1	25	24.8	24.6	25.2	25.3	24	23	27.8	26.2	29.5	24.8	26.1	34.7	33.8	21.2	15.3	9.14	13.5	15.9	15.5	26.7	16.4	13.1	14.1	6.9
Betaproteobacteria	5.52	6.34	6.58	6	5.77	6.53	7.44	5.97	5.08	5.23	4.75	3.97	2.38	2.98	2.7	2.19	2.02	2.28	1.78	5.23	3.08	3.47	4.58	5.4	4.7	5.83	5.82	4.05	4.42	3.12	2.55	4.76	4.17	3.94	3.2	4.04	3.46	4.45	1.65	6.0
Planctomycetacia	2.41	0.869	0.823	0.663	0.427	0.625	0.446	0.351	0.236	0.781	0.08	0.0838	0.13	0.137	0.0952	0.16	0.232	0.232	0.263	0.933	0.335	0.45	0.789	0.865	0.693	0.865	0.617	0.411	0.385	0.309	0.434	4.41	4.55	2.93	2.71	2.75	1.78	5.24	0.568	5.5
Cytophagia	9.17	4.16	4.31	3.97	3.66	3.65	5.37	4.12	6.95	3.36	8.25	9.32	13.5	12.9	11.2	11.4	8.96	11.6	6.34	3.65	10.4	8.22	7.72	3.03	2.92	3.66	3.17	3.36	2.97	3.03	5.82	3	3.62	1.8	1.64	2.71	4.96	2.77	2.61	5.0
Flavobacteriia	7.26	4.14	2.02	2.87	2.76	3.26	3.73	2.85	3.11	2.27	2.47	3.02	3.35	4.13	5.21	5.27	4.82	3.28	4.49	3.71	1.74	4.76	2.01	2.66	2.91	2.85	2.26	1.9	2.33	14.5	6.03	0.411	0.674	0.739	0.598	0.29	1.99	0.507	2.8	3.3
Deltaproteobacteria	1.14	0.69	0.484	0.309	0.351	0.328	0.354	0.202	0.183	0.594	0.171	0.423	0.796	0.911	0.96	0.819	1.68	1.12	1.18	0.724	1.26	1.58	0.728	0.537	0.522	0.545	0.457	0.335	0.358	0.892	1.03	0.625	1.39	0.987	0.693	1.67	0.343	0.732	0.156	3.1
Acidobacteria	2.62	1.29	0.682	0.587	0.442	0.503	0.632	0.514	0.373	0.884	0.187	0.19	0.24	0.354	0.385	0.339	0.632	0.766	0.671	0.991	0.568	0.766	0.438	1	0.686	0.781	0.545	0.461	0.587	0.339	0.499	1.84	2.35	2.13	1.32	1.7	0.591	2.85	0.617	3.0
Bacilli	6.38	9.9	12.2	13.5	13	12.5	10.8	11.3	10.1	11.4	10.7	8.31	1.23	2.24	1.18	0.888	0.857	1.08	1.01	9.36	1.07	1.22	1.94	13.1	15.6	14.6	17.2	16.9	16.6	2.55	2.78	6.41	2.08	5.56	4.77	1.76	0.244	2.43	33.1	2.4
Acidimicrobiia	0.846	1.1	0.556	0.438	0.366	0.408	0.358	0.293	0.202	0.777	0.103	0.0762	0.0533	0.107	0.145	0.122	0.152	0.156	0.198	0.918	0.152	0.194	0.179	0.701	0.602	0.598	0.671	0.343	0.404	0.103	0.149	1.49	2.9	2.08	1.82	1.21	0.705	1.95	0.404	2.0
Thermoleophilia	0.617	1.29	0.739	0.499	0.396	0.469	0.324	0.263	0.183	0.789	0.0991	0.0876	0.0343	0.061	0.0838	0.0724	0.0419	0.0457	0.0952	1.05	0.0724	0.0876	0.114	0.72	0.636	0.663	0.732	0.446	0.499	0.0381	0.0762	2.15	2.4	2.39	2.23	1.1	0.93	1.7	0.244	2.0
Gemmatimonadetes	0.766	0.804	0.549	0.335	0.316	0.373	0.328	0.343	0.213	0.739	0.0914	0.179	0.0914	0.107	0.107	0.114	0.133	0.152	0.141	0.777	0.24	0.286	0.305	0.747	0.488	0.552	0.537	0.373	0.343	0.0762	0.126	0.362	0.956	0.583	0.545	0.564	0.08	0.503	0.0991	2.0
Phycisphaerae	0.686	0.377	0.263	0.213	0.137	0.206	0.183	0.149	0.137	0.343	0.0419	0.0533	0.0762	0.118	0.141	0.149	0.251	0.324	0.331	0.396	0.21	0.362	0.232	0.339	0.24	0.259	0.164	0.16	0.217	0.156	0.263	0.712	0.537	0.766	0.686	0.549	0.263	1.02	0.255	1.8
Thermoplasmata	1.73	1.06	0.602	0.339	0.37	0.411	0.354	0.217	0.0533	0.549	0.0114	0.00762	0.00381	0.019	0.0114	0.019	0.0114	0.00762	0.00381	1.15	0.0343	0.0419	0.232	1.18	0.792	0.88	0.591	0.217	0.309	0.019	0.0343	0.625	1.44	1.45	4.64	4.32	0.206	0.564	0.0343	1.7
Anaerolineae	0.945	0.328	0.175	0.183	0.103	0.107	0.13	0.0724	0.107	0.259	0.0305	0.019	0.0267	0.0457	0.0343	0.0267	0.0648	0.11	0.118	0.309	0.0952	0.229	0.118	0.183	0.164	0.305	0.213	0.126	0.13	0.0914	0.107	1.46	4.72	1.1	0.895	1.89	0.503	1.3	0.312	1.5
OPB35_soil_group	0.594	0.145	0.061	0.0648	0.0305	0.0724	0.0533	0.0952	0.0267	0.0838	0.00381	0.0152	0.00762	0.00762	0.00381	0.00381	0.00381	0.0381	0.00381	0.168	0.00762	0.11	0.0876	0.114	0.0914	0.13	0.0686	0.0457	0.0495	0.0229	0.0838	0.739	1.31	0.56	0.305	0.45	0.263	0.872	0.0876	1.1
Thermomicrobia	0.476	0.522	0.461	0.362	0.312	0.297	0.282	0.305	0.408	0.472	0.316	0.305	0.758	1.25	0.933	0.846	0.571	0.956	1.01	0.419	0.899	1.34	1.94	0.427	0.381	0.518	0.377	0.362	0.32	0.457	0.674	0.48	0.408	0.514	0.522	0.194	0.156	0.758	0.4	1.1
Verrucomicrobiae	1.75	0.591	0.286	0.183	0.202	0.251	0.278	0.274	0.236	0.293	0.11	0.16	1.47	2.7	3.41	4.66	4.3	3.79	3.35	0.541	2.32	1.42	0.865	0.488	0.404	0.45	0.206	0.194	0.187	2.65	2.17	0.297	0.484	0.251	0.183	0.526	1.02	0.671	0.0991	1.0
Chloroflexia	0.434	0.274	0.21	0.152	0.11	0.187	0.103	0.0762	0.0762	0.198	0.0686	0.0495	0.0381	0.0876	0.103	0.0838	0.118	0.152	0.24	0.198	0.24	0.571	0.183	0.213	0.187	0.183	0.21	0.194	0.11	0.118	0.179	1.25	0.286	0.732	1.03	0.19	0.602	0.819	0.545	1.0
Ardenticatenia	0.461	0.213	0.152	0.149	0.168	0.103	0.08	0.107	0.149	0.137	0.0686	0.0419	0.0533	0.0724	0.114	0.156	0.168	0.164	0.16	0.194	0.168	0.263	0.198	0.187	0.179	0.168	0.16	0.137	0.126	0.103	0.156	0.85	0.472	1.1	0.812	0.149	0.206	0.69	0.453	0.8
Caldilineae	0.427	0.126	0.0838	0.107	0.0686	0.0724	0.0571	0.0724	0.0686	0.156	0.0343	0.019	0.0229	0.0457	0.0533	0.0648	0.0305	0.0762	0.08	0.103	0.0457	0.141	0.168	0.141	0.107	0.145	0.107	0.0495	0.0571	0.0533	0.13	1.12	1.16	0.606	0.511	0.389	0.419	1.02	0.271	0.8
MB-A2-108	0.442	0.476	0.324	0.187	0.19	0.164	0.126	0.0838	0.061	0.312	0.0267	0.0267	0.0229	0.00381	0.0114	0.00381	0.00381	0.00381	0.00762	0.358	0.0114	0.0114	0.00762	0.324	0.286	0.271	0.21	0.126	0.168	0.00381	0.00762	0.278	0.739	0.564	0.476	2.21	0.0724	0.0686	0.0305	0.7
KD4-96	0.373	0.941	0.469	0.297	0.259	0.396	0.282	0.202	0.08	0.564	0.0305	0.0495	0.0229	0.0152	0.0229	0.0152	0.0343	0.0343	0.0267	0.652	0.0114	0.0229	0.0533	0.526	0.404	0.587	0.411	0.24	0.331	0.0305	0.00762	0.522	1.18	0.975	1.01	0.77	0.149	0.545	0.0686	0.7
Spartobacteria	0.514	0.187	0.137	0.08	0.0686	0.0914	0.0724	0.0762	0.103	0.141	0.0229	0.0305	0.0762	0.0991	0.0876	0.213	0.271	0.343	0.358	0.194	0.373	0.274	0.11	0.156	0.141	0.122	0.0991	0.0648	0.0952	0.0648	0.0495	0.13	0.232	0.24	0.133	0.4	0.301	0.232	0.0381	0.7
Opitutae	0.431	0.114	0.0724	0.0419	0.0571	0.0343	0.0762	0.0724	0.0419	0.0762	0.00762	0.0114	0.00381	0.019	0.019	0.0152	0.0762	0.118	0.0571	0.137	0.0914	0.396	0.32	0.133	0.114	0.133	0.0648	0.0381	0.0571	0.0914	0.118	0.271	0.495	0.206	0.19	0.171	0.37	0.309	0.0495	0.6
Soil_Crenarchaeotic_Group[SCG]	3.95	1.26	0.907	0.709	0.518	0.629	0.48	0.404	0.377	0.838	0.156	0.118	0.0229	0.0457	0.061	0.0305	0.0686	0.061	0.0457	1.7	0.0876	0.0991	0.133	1.26	1.27	1.31	0.846	0.549	0.579	0.0762	0.0495	10.5	4.93	4.35	7.74	9.08	1.5	11.1	2.13	0.6
Holophagae	0.255	0.16	0.11	0.11	0.0648	0.0724	0.0457	0.0457	0.0305	0.175	0.0114	0.00762	0.00762	0.019	0.0152	0.0305	0.00381	0.00762	0.0267	0.179	0.0343	0.0381	0.0495	0.122	0.103	0.114	0.107	0.0419	0.0457	0.019	0.0343	0.145	0.903	0.225	0.145	0.152	0.0457	0.533	0.0686	0.5
Chlamydiae	0.19	0.0495	0.0229	0.0533	0.0152	0.0381	0.0267	0.0267	0.0457	0.0495	0.0114	0.0152	0.00381	0.019	0.00762	0.00762	0.00762	0.00762	0.0114	0.0724	0.0152	0.00381	0.00762	0.0533	0.0533	0.0762	0.0419	0.0495	0.0419	0.00762	0	0.488	0.389	0.137	0.274	0.156	0.0991	0.884	0.0914	0.4
Chlorobia	0.248	0.0571	0.0381	0.0495	0.0229	0.0267	0.0381	0.0152	0.0152	0.0457	0.00381	0.0229	0	0.0229	0.0152	0.019	0.0419	0.0457	0.0381	0.061	0.103	0.114	0.0533	0.0305	0.0152	0.0533	0.0381	0.0267	0.0305	0.0381	0.061	0.118	0.823	0.339	0.229	1.46	0.0648	0.213	0.0571	0.3
Nitrospira	0.175	0.114	0.0952	0.0305	0.0571	0.0419	0.0267	0.0419	0.0229	0.122	0	0.0114	0.00381	0.00381	0.0114	0.00381	0.0152	0	0	0.0952	0.0152	0	0.00762	0.13	0.0876	0.0533	0.0495	0.0381	0.0533	0.00762	0.0152	0.499	0.792	0.381	0.305	0.419	0.11	1.08	0.0419	0.3
TK10	0.0457	0.0762	0.0724	0.0305	0.0267	0.0343	0.00762	0.0343	0.0152	0.0495	0.0114	0.00381	0	0.00381	0	0.00381	0.00762	0	0.00762	0.0571	0	0.0114	0.00381	0.0381	0.0419	0.0457	0.0533	0.0267	0.0229	0.00381	0.00381	0.141	0.152	0.179	0.114	0.0724	0.0952	0.141	0.0152	0.3
Gitt-GS-136	0.0724	0.556	0.373	0.206	0.206	0.221	0.171	0.137	0.0648	0.354	0.0495	0.0419	0.019	0.0114	0.00762	0.0114	0.0114	0.0114	0.0305	0.453	0.0152	0.0343	0.0267	0.305	0.267	0.309	0.263	0.13	0.221	0.00381	0.0267	0.331	0.293	0.354	0.4	0.175	0.0991	0.145	0.061	0.2
Deinococci	0.019	0.0495	0.0648	0.0533	0.0343	0.0495	0.0381	0.0571	0.122	0.0419	0.061	0.0457	0.0114	0.0229	0.0267	0.019	0.0229	0.0305	0.0229	0.0648	0.019	0.0343	0.019	0.061	0.0267	0.0914	0.0267	0.0495	0.0495	0.0267	0.0762	0.0152	0	0.0457	0.0267	0.00381	0	0.0229	0.0229	0.2
ML635J-21	0.16	0.122	0.0533	0.0495	0.0495	0.0457	0.0381	0.0686	0.0533	0.103	0.00762	0.0229	0.0152	0.0533	0.0533	0.0648	0.08	0.13	0.141	0.118	0.244	0.118	0.293	0.0876	0.122	0.08	0.0914	0.0838	0.0724	0.122	0.16	0.019	0.0343	0.0229	0.0229	0.0114	0.0114	0.0762	0.0114	0.2
Cyanobacteria	0.0305	0.331	0.103	0.122	0.0952	0.122	0.145	0.133	0.286	0.145	0.0495	0.0762	0.0381	0.0152	0.019	0.0152	0.019	0.0305	0.0152	0.122	0.0114	0	0.019	0.137	0.179	0.0952	0.103	0.11	0.103	0.00762	0.0152	0.0229	0	0.0229	0	0.00381	0.00381	0.0152	0.164	0.2
TA18	0.019	0	0.00381	0	0	0.00381	0.00381	0	0.0152	0.0114	0	0	0	0.00381	0.00762	0	0.00762	0	0.00381	0.00381	0	0.00762	0	0.0114	0	0.00381	0.0114	0	0.0152	0.00762	0	0.0648	0.0914	0.0876	0.0457	0.0686	0.0343	0.11	0.0267	0.2
OM190	0.0267	0.019	0.00762	0.0152	0.00381	0.00762	0.0114	0.019	0	0.0343	0	0	0	0	0.00381	0	0	0	0	0.0267	0	0	0	0.019	0.019	0.0152	0.00381	0	0.0114	0	0	0.0838	0.0762	0.103	0.0533	0.0495	0.0343	0.0343	0.00381	0.2
Nitriliruptoria	0.0305	0.122	0.0457	0.0381	0.0381	0.0343	0.0305	0.0229	0.00381	0.0457	0.00381	0	0.00381	0.00762	0.00762	0.0114	0.0114	0.00381	0.0152	0.061	0.00381	0.0267	0.0114	0.0648	0.0648	0.061	0.0533	0.0381	0.0419	0.00762	0.0229	0.0114	0.00762	0.0229	0.0152	0.00381	0.00381	0.0267	0.00381	0.1
TakashiAC-B11	0.061	0.0419	0.0114	0.0114	0.0114	0.0229	0.019	0.00381	0.0114	0.0114	0.00381	0.00381	0	0.00381	0.0152	0.00381	0	0.00381	0	0.0229	0.0114	0.00381	0	0.019	0.0305	0.0533	0.0114	0.00762	0.00762	0.00762	0.00762	0.0991	0.0495	0.194	0.19	0.0686	0.0152	0.152	0.0495	0.1
Fibrobacteria	0.0419	0.0495	0	0.00762	0.00381	0	0.00381	0.00381	0	0.0229	0	0	0	0	0	0	0	0	0	0.019	0	0	0	0.0229	0.0114	0.0114	0.0152	0.0152	0.0229	0	0	0.00762	0.0343	0.0114	0.019	0.16	0	0.0495	0	0.1
Pla4_lineage	0.00762	0.00381	0.00381	0.00381	0	0	0.00381	0.00381	0.00381	0.019	0	0	0	0	0	0	0	0	0	0.0152	0	0	0.00381	0.00381	0.0114	0.0114	0	0	0	0	0	0	0.0114	0.00762	0.019	0.0838	0	0.00381	0	0.1
Verrucomicrobia_Incertae_Sedis	0.00381	0.183	0.0457	0.107	0.0267	0.0457	0.0724	0.0648	0.0343	0.0686	0.019	0.0152	0	0	0	0	0	0	0	0.126	0	0.00381	0	0.08	0.0762	0.0648	0.019	0.0533	0.0343	0	0	0	0	0	0	0.00381	0	0	0	0.1
JG30-KF-CM66	0.0114	0.019	0.0114	0.00381	0	0	0.00381	0.00381	0	0	0.00381	0	0	0.00381	0	0	0	0	0	0.00381	0	0	0.00381	0	0.0114	0.00762	0	0.0152	0.00762	0	0.00381	0.0229	0.0419	0.0343	0.0343	0.0267	0.0114	0.0229	0	0.1
Ktedonobacteria	0.00762	0.0267	0	0.019	0.00762	0.00381	0.00381	0	0.00762	0.00762	0	0	0	0	0	0.00381	0.00381	0.00762	0.00381	0.00762	0.0114	0.00762	0.00381	0.00762	0.0114	0.019	0.0114	0.00381	0.0114	0.00381	0.00381	0.187	0.0152	0.19	0.141	0	0.0267	0.11	0.0114	0.1
Clostridia	0.0114	0.00762	0.00762	0.00762	0.00762	0	0.00762	0.00381	0.00381	0.0114	0.0114	0.00762	0	0	0	0	0	0	0.00381	0	0.00381	0.00762	0.00762	0.00762	0.00762	0.00762	0.00381	0.00381	0	0	0	0.0267	0.0229	0.0381	0.0229	0.0305	0	0.0114	0.00381	0.1
Erysipelotrichia	0	0.00381	0	0	0	0	0	0	0	0	0	0	0	0	0	0	0	0	0	0	0	0	0	0.00381	0	0	0	0	0	0	0	0.061	0.061	0.0114	0.0152	0.0381	0.0571	0	0.00762	0.1
Marine_Group_I	0.08	0.019	0.00762	0.00381	0.00381	0.0152	0.00762	0	0.00381	0.00762	0	0	0	0	0	0	0	0	0.00381	0.019	0	0	0	0.0114	0.0152	0	0.0114	0.0114	0	0	0	0.00381	0.0229	0.0229	0.0724	0.0914	0	0	0	0.1
P2-11E	0.0114	0.0114	0.0152	0	0.00762	0.0114	0.00762	0.00762	0.00762	0.00762	0	0	0	0	0	0	0	0	0	0.0152	0	0	0	0.0229	0.0114	0.019	0.0229	0	0.00762	0	0	0	0	0	0.00381	0.0229	0	0	0	0.1
Armatimonadia	0.019	0	0	0	0	0.00381	0.00762	0	0	0	0	0	0	0	0	0.00381	0	0	0.00381	0.0114	0	0.00381	0	0.0114	0.00762	0.00381	0.0114	0.00381	0.00381	0	0.00381	0.0419	0.00381	0.00762	0.00381	0	0.0305	0.00762	0	0.0
Elusimicrobia	0.00762	0.00381	0	0	0	0	0	0	0	0	0	0	0	0	0	0	0	0	0	0.00381	0	0	0	0.00381	0	0.00381	0.00762	0.00381	0	0	0	0.00762	0.00762	0.00762	0.0152	0.0152	0.0114	0.00381	0	0.0
Epsilonproteobacteria	0	0.0114	0.00762	0.00381	0.00762	0.00381	0.00381	0.0114	0.0114	0.00381	0	0.0114	0	0	0	0	0	0	0	0.00381	0	0	0	0.00762	0.00381	0.0114	0.00381	0.00381	0.00762	0	0	0	0	0	0	0	0	0	0	0.0
S085	0.00762	0.0114	0.0114	0.00381	0.00381	0	0	0.00762	0	0	0.00381	0.00381	0	0	0	0	0	0	0	0.00762	0	0	0	0.0114	0.00381	0.019	0.0114	0.00762	0.00762	0	0.00762	0.019	0.0305	0.0114	0.0114	0.0152	0.00381	0.0305	0	0.0
Melainabacteria	0	0	0	0	0	0	0	0	0	0	0	0	0	0	0	0	0	0	0.00381	0	0	0	0.00381	0	0	0	0	0	0.00381	0.0229	0.0229	0.00381	0.0114	0.019	0.00762	0.0457	0	0.00381	0	0.0
Bacteroidetes_VC2.1_Bac22	0	0	0	0	0	0	0.00381	0	0	0	0	0	0	0	0	0	0	0	0	0	0	0	0	0	0	0	0	0	0	0	0	0	0.0533	0.00381	0	0.0381	0	0	0	0.0
vadinHA49	0.0114	0	0.0114	0	0	0.00381	0	0	0	0	0	0	0	0	0	0	0	0	0	0.00381	0	0	0	0.00381	0	0.00381	0.00762	0	0	0	0	0	0	0	0	0.00762	0.00381	0.00381	0	0.0
BD7-11	0	0	0.0152	0	0	0	0	0.00381	0.00381	0.00381	0.00381	0	0.00381	0	0	0	0	0	0	0.00762	0	0	0	0	0.00381	0.00381	0.00381	0	0	0	0	0.00381	0.00381	0.0152	0.00762	0.00762	0	0.00762	0	0.0
mixed_culture_isolate_koll6	0.00762	0	0	0	0	0	0	0	0	0	0	0.00381	0	0	0	0	0	0	0	0.00762	0	0	0	0.00381	0	0	0	0.00381	0	0	0	0.00381	0.0114	0.0114	0.0305	0.0114	0	0	0	0.0
Chthonomonadetes	0.00381	0	0	0	0.00381	0	0	0	0	0	0	0	0	0	0	0	0	0	0	0.00762	0	0	0	0.00762	0	0.00381	0	0	0	0	0	0.00381	0	0.0152	0	0.00762	0	0.00381	0	0.0
SK259	0	0	0.00762	0	0.00381	0	0.00381	0	0	0.00381	0	0	0	0	0	0	0	0	0	0.00381	0	0	0	0.00762	0	0.00381	0	0.00381	0.00381	0	0	0	0	0	0	0	0	0	0	0.0
SHA-26	0.00762	0.0152	0.0152	0	0.0152	0.00381	0.00762	0.00381	0	0.0114	0	0	0	0	0.00381	0.00381	0	0	0	0.00381	0	0	0	0.019	0	0.0267	0.00381	0	0.00381	0	0	0.00381	0.0419	0.0114	0.0267	0.0267	0	0.00381	0.00381	0.0
Spike	0.0952	1.02	0.507	0.594	0.495	0.461	0.827	1.26	3.33	1.04	0.32	0.271	0.69	0.865	0.937	0.632	0.648	0.979	0.602	0.507	0.339	0.667	0.93	0.853	0.629	0.556	0.686	0.419	0.571	0.316	0.217	0.183	0.499	0.739	0.739	1.75	0.0419	0.171	0.107	0.0
Deep_Sea_Euryarchaeotic_Group[DSEG]	0	0	0	0	0.00762	0	0.00762	0	0	0	0	0	0	0	0	0	0	0	0	0	0	0	0.00381	0.00762	0	0.0114	0.00381	0.00381	0.00381	0	0	0	0	0	0	0	0	0	0	0.0
Subgroup_26	0	0	0	0	0	0	0	0	0	0	0	0	0	0	0	0	0	0	0	0	0	0	0	0	0	0	0	0	0	0	0	0	0.00381	0.00381	0.0114	0.0114	0	0	0	0.0
