Genus	A0	A1	A10	A11	A12	A13	A14	A15	A16	A17	A18	A19	A2	A20	A21	A23	A24	A25	A26	A27	A28	A29	A3	A30	A32	A34	A4	A5	A6	A7	A8	A9	BS2	CS2	G0	G1	G2	G3	G4	G5	GR01	LW1	T1	All
Unassigned	50.1	45.3	30.1	50.9	44.5	41.7	37	29.9	35.4	36.4	1.15	42.3	31.4	33.6	35.4	7.74	8.74	14.8	30.9	7.17	7.1	15.5	48.1	20.3	8.66	22.4	41	36.5	46.9	30	35.8	30.3	14.8	17.6	38.2	29.7	66.7	39.8	44.7	58.8	81.9	77.5	53.3	72.3
Vishniacozyma	3.91	2.95	1.39	2.76	2.71	2.1	1.86	1.97	2.08	1.78	0.00655	1.51	2.85	1.73	1.31	0.272	0.917	0.00327	0.625	0.239	0.0688	0.56	3.29	0.337	0.0589	0.262	3.37	2.63	3.09	2.77	3.67	3.12	0.00327	0.00982	2.78	1.97	0.305	4.51	6.83	0.563	0.154	4.63	5.26	1.8
Filobasidium	9.54	13.7	10.7	10.3	15.1	10	15.2	7.86	14.1	9.82	0.0196	13.5	14.6	15	11.4	11.5	4.35	5.73	0.766	2.26	0.298	1.91	16.3	0.475	0.363	0.806	19.1	18.7	15.4	11.1	19.1	11.6	0.154	4	56.4	66.4	4.07	49.7	38.9	0.937	0.111	2.67	35.9	1.0
Aspergillus	0.0131	0.0262	0.00982	0.0917	0.0753	0.144	0.0884	0.0295	0	0.0229	0	0.0262	0.0164	0.095	0.0491	0.0131	0.0491	0	0	0.00327	0.0196	0.0295	0.0327	0.00982	0.00655	0.105	0.0393	0.0196	0.0655	0.0262	0.036	0.0196	0.0786	0.0426	0	0.00327	0	0.0327	0.00655	0	0	0.00655	0.00655	1.0
Iodophanus	2.11	0.629	0.121	2.7	0.711	0.0524	0.396	0.147	0.196	0.0458	0	0.0851	0.314	0.072	0.0295	0	0.00655	0.108	0.0131	0	0	0	0.557	0	0.0229	0.141	0.573	0.494	0.278	0.0917	0.16	0.269	0.0557	0	0	0	0	0	0	0	0.00327	0.00655	0.00327	0.9
Peziza	14.1	1.5	0.4	1.61	0.946	0.242	0.914	0.363	0.799	0.331	0	0.157	0.868	0.206	0.151	0.00982	0.095	0.0491	0.0131	0.108	0.072	0.0393	1.63	0.0458	0.0327	0.095	1.28	0.992	1.12	0.305	0.38	0.609	0.0589	0	0	0	0	0	0.00327	0	0	0	0	0.8
Naganishia	0.946	1.33	2.98	2.09	2.55	1.27	2.11	1.23	2.47	2.66	0.0131	5.1	1.18	1.5	3.78	0.996	0.691	0.884	0.308	0.305	1.77	4.56	4.65	1.35	0.00655	2.25	0.999	1.97	1.33	1.28	1.31	1.37	4.55	2.75	0.334	0.377	0	0.272	0.416	0.0131	0.00327	3.1	0.409	0.7
Acremonium	0.0426	0.0491	0	0.0196	0.0327	0.0819	0.0327	0.0131	0	0	0	0.0262	0.0426	0.0262	0.00982	0	0.0229	0	0	0	0	0.0393	0.0426	0	0	0	0.095	0.0229	0.0229	0.00982	0.0688	0.0917	0	0.00327	0.0393	0.0131	0	0.00655	0.0131	0.00982	0	0.00982	0	0.7
Rhizophlyctis	0.0196	0.0491	0	0.131	0.118	0.0131	0.233	0.00327	0.164	0.00327	0	0.0589	1.03	0	0.00655	0	0	0.0164	0	0.0164	0.00655	0	0.206	0	0	0	0.0655	0.236	0.0557	0.0262	0.0196	0.0458	0	0	0	0	0	0	0	0	0	0	0	0.6
Penicillium	0.0164	0.102	0.0295	0.206	0.0655	0.0196	0.0327	0.0295	0.0524	0.0196	0	0.00982	0.0655	0.095	0.0164	0.0229	0.0622	0.0196	0.00982	0	0	0	0.0557	0.0164	0.0295	0	0.121	0.0786	0.0524	0.0491	0.0393	0.00982	0	0	0.00655	0	0	0.00327	0.00327	0	0	0	0	0.6
Coprinellus	0.187	0.0327	0.00982	0.036	0.0131	0.00327	0	0.00327	0.00655	0.0262	0	0	0.0196	0.0295	0	0	0	0	0	0	0	0	0.0524	0	0	0	0.0524	0.0491	0.0393	0.0131	0.00982	0.00655	0	0	0	0.0196	0	0	0	0	0	0	0	0.6
Alternaria	0.0786	0.0262	0.00327	0.0426	0.036	0.0491	0.0262	0	0	0.00327	0	0.00655	0.00327	0.0327	0.00327	0	0	0	0	0	0	0	0.0164	0	0	0	0.105	0.0458	0.0327	0.0131	0.0196	0.0131	0	0.308	0.0131	0.00982	0	0.111	0.0524	0	0	0.036	0.00982	0.6
Mortierella	0.0884	0.17	0.0327	0.331	0.0655	0.124	0.0622	0.0491	0.036	0.0426	0.203	0.193	0.0196	0.00327	0	0	0	0	0	0	0.0164	0	0.233	0.0655	0	0	0.0851	0.0229	0.121	0.0262	0.0589	0.102	0	0	0	0	0	0	0	0	0	0	0.00327	0.5
Pichia	0	0	0.0655	0.00982	0.036	0.0229	0.0295	0	0.0589	0	0	0.0131	0	0	0	0	0	0	0	0	0	0.0622	0.0131	0	0	0	0.0327	0	0	0.036	0.0426	0.0393	0	0	0	0	0	0	0.00655	0	0	0	0	0.4
Cystobasidium	0	0.0393	0.0688	0.00982	0.0819	0.0196	0.0131	0	0	0	0	0	0.0131	0.0262	0	0	0.0753	0	0.072	0	0	0	0.00655	0	0.151	0	0.0262	0.00327	0.0262	0.0164	0.0753	0.036	0.2	0.396	0	0	0	0	0	0	0	0	0	0.4
Rhizophagus	0.0295	0.00982	0	0.0131	0.00982	0.00655	0	0	0	0	0	0.00655	0.00982	0	0	0	0	0	0.0131	0.00982	0.0131	0.00327	0	0	0	0.00655	0.0164	0	0	0	0	0	0	0	0	0.00982	0.141	0.00327	0.00327	0	0.0295	0.00327	0	0.4
Podospora	0.0262	0.0917	0.0589	0.174	0.0688	0.00982	0.0393	0.0295	0.0327	0.00655	0	0.0164	0.0557	0.187	0.0229	0	0	0	0	0	0	0	0.0524	0	0	0	0.0917	0.0196	0.102	0.0917	0.124	0.0491	0	0	0	0	0	0	0	0	0	0	0	0.4
Cystofilobasidium	0.0327	0.0164	0.0851	0.0589	0.0229	0.105	0.121	0.0524	0.0426	0.111	0	0.249	0.0229	0.0622	0.0393	0	0	0	0.842	0	0	0	0.0295	0	0.102	0	0.0458	0.0458	0.0851	0.0524	0.138	0.0262	0	0	0.00327	0.0196	0	0.0131	0.0131	0	0.00982	0.229	0.0131	0.4
Papiliotrema	0.00982	0.0884	0.0884	0.0196	0.115	2.04	0.138	0.0786	0.102	0.0884	0	0.432	0.0295	0.111	0.305	0.432	0	0.383	0.337	0.0982	0.0262	0.416	0.0589	0.501	0.0458	0.409	0.0753	0.0262	0.229	0.0426	0.223	0.275	0.35	0.593	0.0196	0.00655	0.0458	0.00655	0.0196	0.105	0.00327	0.0131	0.0982	0.4
Mrakia	0.213	0.0786	0	0.0458	0.0982	0.00327	0.036	0.00655	0.0622	0.134	0	0.0426	0.105	0.036	0.0131	0.00327	0	0.00327	0	0.00327	0.0491	0	0.0917	0	0.0655	0.0688	0.19	0.095	0.0491	0.0557	0.00655	0.072	0.00655	0	0.0786	0.00655	0.00327	0.0196	0.0524	0.00655	16	0.0557	0.0786	0.4
Malassezia	0.0295	0.0295	0.0262	0.0524	0.0164	0.0196	0.0851	0.0524	0.0196	0.0917	0	0.0688	0.0262	0.16	0.18	0.0753	0.0426	0.242	0	0	0.0262	0.0819	0.00982	0.0262	0.0884	0.223	0.0131	0.0196	0.0393	0.0622	0.0393	0.0655	0.583	0	0.00327	0	0.0917	0	0.0295	0.036	0	0.00655	0.00327	0.4
Thanatephorus	0.0884	0.0327	0.00327	0.0295	0.00982	0.0327	0.00655	0	0	0	0	0	0	0	0.00655	0	0	0	0	0	0	0	0.00982	0.00982	0	0	0.0164	0	0.0131	0.00655	0.00655	0.00327	0.193	0	0	0	0	0	0	0	0.00655	0	0.00327	0.4
Catenaria	0	0.0131	0.00655	0.0229	0.0196	0.00327	0.0688	0	0.0688	0	0	0.00655	0	0.00655	0.0229	0	0	0	0	0	0	0	0.00982	0	0	0	0.00655	0.0164	0.00655	0	0.0426	0.0327	0	0	0	0	0	0	0	0	0	0	0	0.4
Ceratobasidium	0.00982	0	0	0	0.0196	0.0164	0.00327	0.00327	0	0	0	0	0.0295	0	0.0196	0	0	0	0	0.111	0	0	0.00982	0	0	0	0	0.0229	0	0	0	0	0	0.095	0	0	0	0	0	0	0	0	0.00655	0.4
Symmetrospora	0.00327	0	0	0.00655	0	0	0.00982	0	0	0.036	0	0.036	0	0	0	0	0	0	0	0	0	0	0	0	0	0	0.036	0	0	0.0295	0	0.00655	0	0.0491	0	0	0	0.0196	0.0229	0	0	0	0.0229	0.4
Rhodotorula	0.0196	0.128	0.16	0.0229	0.0393	0.0491	0.0393	0.17	0.036	0.0589	0	0.0851	0.00327	0.036	0.0426	0.35	0.0262	0.0753	0	0	0	0	0.0164	0.524	0	0.0884	0.00982	0.102	0.0164	0.00327	0	0.00655	0.118	0	0	0	0	0	0	0	0	0.0524	0.00327	0.3
Paradictyoarthrinium	0.0295	0.0229	0	0.0655	0.00327	0.00327	0	0.036	0.0295	0	0	0.0458	0.0327	0	0.00982	0.036	0	0	0	0	0	0	0.0327	0	0	0.0589	0.0393	0.0262	0.0131	0.0131	0.0262	0.036	0.111	0	0.00327	0	0	0	0	0	0	0.734	0.00655	0.3
Hannaella	0.0557	0.0491	0.0196	0.0426	0.0295	0.0622	0.0557	0	0	0	0	0.0589	0.0262	0	0.0491	0	0	0	0.00327	0	0	0	0.036	0.0589	0	0	0.0229	0.0295	0.0884	0.00982	0.0819	0.134	0	0	0.036	0.036	0	0.0589	0.072	0.0327	0	0.403	0.108	0.3
Sporobolomyces	0.0589	0	0	0	0	0	0	0	0	0	0	0	0	0	0	0	0	0	0	0	0	0	0	0	0	0	0	0	0	0	0	0	0	0	0.0229	0.00982	0	0.0393	0.0327	0	0	0.0196	0	0.3
Entoloma	0.00327	0	0	0	0	0.0262	0	0	0.00327	0	0	0	0	0	0	0	0	0	0	0	0	0	0	0.0557	0	0	0.00982	0	0	0	0	0	0	0	0.00982	0.00655	0.00327	0.00982	0.00655	0	0	0.00982	0	0.3
Corymbiglomus	0	0	0	0	0	0	0.00327	0	0	0	0	0	0	0	0	0	0	0	0	0	0	0	0	0	0	0	0	0	0	0.00327	0	0	0	0	0.00655	0.00327	0.167	0.0131	0.0164	0.0491	0.00327	0	0	0.3
Conocybe	0.00655	0.00327	0.0131	0.00327	0.00655	0	0.0196	0	0	0	0	0	0	0	0.0196	0	0.0229	0	0	0.0655	0.00655	0	0.00327	0	0	0.0622	0	0.0262	0.00655	0.00327	0.0131	0	0	0	0	0	0.0196	0.00655	0	0.00982	0	0	0.00327	0.3
Pervetustus	0	0	0	0	0	0.0917	0	0	0.036	0	0	0	0	0	0	0	0	0	0	0	0	0	0	0.0884	0	0.0655	0	0	0	0	0	0	0	0	0	0	0	0	0	0	0	0	0.0164	0.2
Wallemia	0.0164	0.0196	0	0.0262	0	0.0622	0.0164	0	0	0	0	0	0	0	0	0	0	0	0	0	0	0	0.00327	0.00327	0	0	0.0164	0.00655	0	0	0	0.00327	0	0	0	0	0.0196	0	0.00327	0	0	0	0	0.2
Coprinopsis	0.0327	0.00982	0.00655	0.0295	0	0.00327	0.0196	0	0	0	0	0	0	0	0.00655	0	0	0	0	0	0	0	0.00655	0	0	0	0.0164	0.00982	0.0196	0.00327	0.00655	0.00655	0	0	0	0	0	0	0	0	0	0	0	0.2
Lindtneria	0	0	0	0	0	0.298	0	0.00982	0.105	0	0.00327	0.0131	0	0	0.00982	0.0262	0.00655	0.0262	0.00982	0	0	0	0	0	0.00327	0.0524	0	0.00327	0.0196	0.00327	0.0164	0	0.036	0	0	0	0.00655	0	0.00982	0.00982	0	0	0.0524	0.2
Candida	0	0	0	0	0.00655	0.00327	0.0164	0	0.00327	0	0	0.0229	0	0.00982	0.00327	0	0	0	0	0	0	0	0	0	0	0	0	0	0.0164	0	0	0.0164	0	0	0	0	0	0	0	0	0	0	0	0.2
Preussia	0	0	0	0.0524	0	0.00327	0	0	0.00327	0	0	0	0	0	0	0.00982	0	0	0	0	0	0	0	0	0	0	0	0	0	0	0	0	0.0819	0	0	0	0	0.00327	0	0	0	0	0	0.2
Stachybotrys	0.0819	0.0131	0.0327	0.0164	0	0	0.0131	0	0	0	0	0	0.0229	0	0	0	0	0	0	0	0	0	0.00655	0	0	0	0	0.00655	0	0.0131	0	0.0262	0	0	0.00327	0	0	0	0.00327	0	0	0	0	0.2
Mucor	0.00327	0.00655	0	0	0.00655	0.00655	0.0295	0	0	0.00655	0	0	0.00327	0	0.00655	0	0	0	0	0	0	0	0.00655	0	0.00327	0.0491	0.0196	0.00655	0	0.00327	0.00327	0.00327	0	0	0	0	0	0	0	0	0	0	0	0.2
Waitea	0.164	0.0295	0	0.707	0.0229	0.0131	0.0458	0.00327	0	0	0	0.00327	0.00327	0.00327	0	0	0	0	0	0	0	0	0.0295	0	0	0	0.0131	0.0229	0.0327	0.00327	0.00655	0.0327	0	0	0	0	0	0	0	0	0	0	0	0.2
Meyerozyma	0	0	0	0	0	0	0	0	0	0	0	0.0262	0	0	0.0196	0	0	0	0	0.0262	0	0	0	0	0	0	0	0	0	0	0.0131	0	0	0	0	0	0	0.00327	0.00327	0	0	0	0	0.2
Stemphylium	0.0164	0.0164	0	0	0.00327	0.00327	0	0.00327	0	0	0	0	0.0196	0	0.00655	0	0	0	0	0	0	0.0655	0	0	0	0	0.0164	0	0.0196	0.00655	0	0	0	0	0.0164	0.00327	0	0.0164	0.00327	0	0	0.00655	0.00982	0.2
Pulvinula	0	0	0	0	0.0131	0	0	0	0.0458	0	0	0	0	0	0	0	0	0	0	0	0	0	0.0164	0	0	0	0.00655	0	0	0	0	0	0	0	0	0	0	0	0	0	0	0.0262	0.00327	0.2
Microkamienskia	0	0	0	0	0	0.0327	0	0	0	0	0	0	0	0	0	0	0	0	0	0	0	0	0	0	0.0524	0	0	0	0	0	0	0	0	0.102	0	0	0	0	0	0	0	0	0	0.2
Paraglomus	0	0	0	0	0	0.0164	0.00327	0	0	0	0	0.00655	0	0	0	0	0	0	0	0	0	0	0	0	0.00982	0.036	0	0	0.00327	0	0.00327	0	0	0	0	0	0	0	0	0	0	0	0.0196	0.2
Spike	17.2	31.9	52.9	25.9	31.5	39.2	40.3	57.4	43.3	48	98.4	34.4	46.5	46.3	46	78.3	84.8	77.3	66.1	88.9	89.7	76.2	23.4	75.9	90	71.1	31	36.9	29.8	53	37.9	51.1	78.3	73.7	1.53	1.18	25.9	3.88	8.24	39.2	0.531	9.25	3.76	0.2
Sarocladium	0	0	0	0	0.00655	0	0	0	0	0	0	0	0.0164	0	0	0	0	0	0	0	0	0	0.00655	0	0	0	0.00655	0	0.00982	0.00655	0.00982	0	0	0	0	0	0	0	0	0	0	0.00327	0	0.2
Rhizopus	0.00327	0	0	0.00982	0.00655	0	0	0	0.00655	0	0	0	0.0164	0	0.0622	0	0	0	0	0	0	0	0.00327	0	0	0.00327	0.00982	0.00982	0	0.00655	0.00327	0.00982	0	0	0	0.00327	0	0	0	0	0	0	0	0.2
Tarzetta	0.00982	0.00655	0.00655	0.00655	0	0.0131	0	0	0	0	0	0.0229	0.00655	0	0.00327	0	0	0	0.0295	0	0	0	0	0	0	0	0	0.0131	0.00327	0.00655	0	0.00655	0	0	0.0131	0.0164	1.28	0.77	0.0229	0.00655	0.00327	0.124	0.0131	0.2
Nigrospora	0	0	0	0.00655	0	0.00655	0	0	0.0458	0	0	0	0	0.036	0	0	0	0	0	0	0	0	0	0	0	0	0.00982	0.0327	0	0	0	0	0.0557	0.00327	0	0	0	0	0	0	0	0	0	0.2
Neodidymelliopsis	0	0.0262	0	0	0	0	0.0393	0	0	0	0	0.0589	0.00655	0	0	0	0	0	0	0	0	0	0.0131	0	0	0	0	0.036	0	0.0196	0.0229	0	0	0	0	0	0	0.00655	0.0131	0	0	0	0.0164	0.2
Olpidium	0.00982	0.00655	0.0819	0.0491	0.0393	0.0262	0.00655	0.0786	0.0917	0.0196	0	0.0229	0	0	0.0164	0.0884	0.072	0.105	0	0.102	0	0.072	0.0131	0	0.0524	0.0393	0.0557	0.0229	0.0295	0.0196	0.0131	0.0327	0	0.0458	0	0	0	0	0	0	0	0.0229	0.00327	0.2
Polyschema	0	0	0	0	0	0.193	0	0	0	0	0	0	0	0.0131	0	0	0	0	0	0	0	0	0	0	0	0.0851	0	0	0	0	0	0	0	0	0	0	0.00655	0	0	0	0	0	0.00327	0.2
Verticillium	0	0	0	0.00327	0.0131	0.0164	0	0	0	0	0	0	0.0229	0	0	0	0	0	0	0	0	0	0.0196	0	0	0	0.0229	0	0	0	0	0	0	0	0	0.00982	0	0.0262	0.0262	0	0.206	0	0	0.2
Cladosporium	0.0262	0.095	0.0196	0.0491	0.036	0.0164	0.0229	0.00327	0.00327	0	0	0.0229	0.00982	0	0.0229	0.0196	0	0.164	0.0131	0	0	0	0.0884	0	0	0.0458	0.0426	0.0196	0.0327	0.0131	0.0327	0.0458	0.0295	0	0	0	0	0	0	0	0	0.00982	0	0.2
Cercophora	0.00655	0	0	0	0	0.0393	0	0	0	0	0	0	0	0	0	0	0	0	0	0	0	0	0.00982	0	0	0.121	0	0	0	0.00327	0	0	0	0	0	0	0	0	0	0	0	0.00327	0.00982	0.2
Cutaneotrichosporon	0	0	0	0	0.0295	0	0	0	0	0	0	0.0426	0	0	0	0	0	0	0	0	0.095	0	0	0	0	0	0	0	0.0295	0	0	0	0	0	0	0	0	0	0	0	0	0	0.00327	0.2
Gloeoporus	0.0131	0	0	0.00982	0	0.0229	0	0	0	0	0	0	0	0	0	0.00655	0.00327	0	0	0	0	0	0	0	0	0	0	0	0	0	0	0	0	0	0	0	0.00655	0	0	0	0	0	0	0.2
Canariomyces	0	0.0164	0	0.0491	0	0	0.00327	0	0	0	0	0.00327	0	0	0	0	0	0	0	0	0	0	0	0	0	0	0.00655	0	0	0.00982	0.0917	0	0	0	0	0	0	0	0	0	0	0	0	0.2
Dominikia	0.00327	0	0	0	0.0131	0	0	0	0	0	0	0	0	0	0	0	0	0	0	0	0	0	0	0	0.00327	0	0	0	0	0	0	0	0	0	0.0851	0.0262	0.838	0.00982	0.0262	0	0.0917	0.0196	0	0.2
Diversispora	0	0.00655	0	0.0164	0	0.00327	0.00982	0	0	0	0	0.0131	0.0262	0	0.00982	0	0	0	0	0	0	0	0	0	0	0.0622	0.0196	0.00655	0.00327	0.00655	0.0131	0.0131	0	0.072	0	0	0	0	0	0	0	0	0	0.2
Apiotrichum	0	0.072	0	0	0	0	0	0	0	0	0	0	0.0229	0	0	0	0	0	0	0	0	0	0	0	0.219	0	0	0	0.0196	0.00327	0	0	0	0	0	0	0	0.00327	0	0	0	0	0	0.2
Dichotomopilus	0	0	0	0.0164	0	0	0	0.00982	0.00327	0	0	0	0	0.00982	0	0	0	0	0	0	0	0	0.0196	0	0	0	0.00327	0	0.00327	0	0.00327	0	0	0	0	0	0	0	0	0	0	0	0	0.2
Conlarium	0	0	0	0	0	0.0786	0	0	0	0	0	0	0	0	0	0	0	0	0	0	0	0.0262	0	0.0131	0	0	0	0	0	0	0.00982	0	0	0	0	0	0	0	0	0.00655	0	0	0.0164	0.2
Acrocalymma	0	0	0	0	0	0.0688	0	0	0	0	0	0.036	0	0	0.0196	0	0	0	0	0	0	0.0426	0	0	0	0	0	0	0	0	0	0	0	0	0	0	0	0	0	0	0	0	0.00327	0.2
Kernia	0	0.00327	0	0.00655	0	0	0	0	0	0	0	0.00327	0	0.00655	0	0	0	0	0	0	0	0	0.0131	0	0	0	0.0196	0	0.00327	0	0	0.00327	0	0	0	0	0	0	0	0	0	0	0	0.2
Curvularia	0.00327	0	0	0.0131	0	0.0884	0	0	0.00327	0	0	0	0	0	0	0	0	0	0	0	0	0	0	0	0	0	0	0	0.0131	0.00327	0	0	0	0	0	0	0	0.00327	0	0	0	0	0	0.2
Agrocybe	0	0	0	0	0	0.0426	0	0.0164	0	0	0	0	0	0	0.0131	0	0	0.0557	0	0	0	0	0.0131	0	0	0.0164	0	0	0	0	0	0	0	0	0	0	0	0	0.00327	0	0	0	0	0.2
Acrospeira	0.0229	0.334	0.0622	0.0164	0.134	0.229	0.0589	0.138	0.0295	0.0262	0	0.0164	0.118	0.00327	0.00982	0	0	0	0	0.0655	0	0	0.0393	0	0	0	0.436	0.18	0.072	0.223	0.036	0.0589	0.0393	0	0	0	0	0.00327	0.00327	0	0	0	0	0.2
Colletotrichum	0	0	0	0	0	0	0	0	0	0	0	0	0	0	0	0	0	0	0	0	0	0	0	0	0	0.639	0	0	0	0	0	0	0	0	0	0	0	0	0	0	0	0	0	0.1
Pyxidiophora	0.0196	0.00982	0.0164	0.0196	0	0	0	0.00327	0	0	0	0	0.0131	0	0.00655	0	0	0	0	0	0	0	0	0	0	0	0	0	0	0.00655	0.00327	0.0196	0	0	0	0	0	0	0	0	0	0	0	0.1
Schizophyllum	0	0	0.0393	0	0	0	0	0	0	0	0	0	0	0	0	0	0	0	0	0	0	0	0	0	0	0	0	0	0	0.0295	0	0	0	0	0	0	0	0	0	0	0	0	0	0.1
Scedosporium	0	0	0	0	0	0	0	0	0	0.00655	0	0.00982	0	0	0.0229	0.0327	0	0	0	0	0	0	0	0	0	0	0	0	0.0327	0	0	0	0	0	0	0	0.00327	0	0.00327	0.0131	0	0	0	0.1
Saitozyma	0	0	0	0.0196	0	0	0	0	0	0	0	0.00327	0	0	0.0917	0	0	0	0	0	0	0	0.00327	0	0	0	0	0	0	0	0	0	0	0	0	0	0	0	0	0	0	0	0	0.1
Clitopilus	0	0	0	0	0	0.0229	0	0.0164	0	0	0	0	0	0	0	0	0	0	0	0	0.0262	0	0	0	0	0	0	0	0	0	0	0	0	0	0	0	0	0	0	0	0	0	0	0.1
Saturnispora	0	0	0	0	0	0	0	0	0	0	0	0	0	0	0	0	0	0	0	0	0	0	0	0	0	0	0.0327	0	0	0.0295	0	0	0	0	0	0	0	0	0.0131	0	0	0	0	0.1
Camarosporidiella	0	0	0	0	0	0	0	0	0	0	0	0	0	0	0	0	0	0	0	0	0.0295	0	0.00327	0	0	0	0	0	0	0	0	0	0	0	0	0	0	0	0	0	0	0	0	0.1
Valsa	0.0164	0.00655	0	0	0.00327	0	0	0	0	0	0	0	0.0131	0	0	0.0164	0	0	0	0	0	0	0	0	0.00982	0.0393	0.0295	0	0	0	0.00327	0	0	0	0	0	0	0	0	0	0	0	0	0.1
Tricharina	0.00655	0	0	0.0262	0.0327	0	0	0	0	0	0	0	0	0	0	0	0	0	0	0	0	0	0.00655	0	0	0.0622	0.0196	0.00655	0.00327	0.0491	0	0	0	0	0	0	0	0	0	0	0	0	0	0.1
Trametes	0	0	0	0	0	0.00327	0	0	0	0	0	0	0	0	0	0	0	0	0	0	0	0	0	0	0	0.115	0	0	0	0	0	0	0	0	0	0	0	0	0	0	0	0	0	0.1
Volvopluteus	0	0.00982	0	0	0	0	0	0	0.036	0	0	0	0	0	0	0	0	0	0	0	0	0	0	0	0	0	0.00327	0	0	0	0	0	0	0	0	0	0	0	0	0	0	0	0	0.1
Xenomyrothecium	0	0	0	0	0	0.0327	0	0	0	0	0	0	0	0	0	0	0	0	0	0	0	0	0	0.0262	0	0	0	0	0	0	0.00982	0	0.0426	0	0	0	0	0	0	0	0	0	0	0.1
Westerdykella	0.00327	0	0	0	0	0	0.00655	0	0	0	0	0	0	0	0.0196	0	0	0	0	0	0	0	0.00327	0	0	0	0	0	0	0	0	0	0	0	0	0	0	0	0	0	0	0	0	0.1
Acrophialophora	0	0	0	0	0	0.00655	0	0	0.00655	0	0	0	0	0	0	0	0	0	0	0	0	0	0	0	0	0.0196	0	0	0	0	0	0	0	0	0	0	0	0	0	0	0	0	0	0.1
Alfaria	0.0688	0.095	0.0819	0.39	0.219	0.0131	0.108	0.0589	0.0589	0.0131	0	0.115	0.141	0.0393	0.151	0	0.0131	0	0.0295	0	0.652	0.0295	0.147	0	0.0196	0	0.0982	0.0786	0.108	0.0589	0.0229	0.134	0	0	0.00327	0	0.00327	0.00982	0.00655	0	0	0	0	0.1
Bullera	0	0.0262	0	0	0	0	0	0	0	0	0	0	0	0	0	0	0	0	0	0	0	0	0	0	0	0	0.0196	0	0	0	0	0	0	0	0	0	0	0.00327	0.0131	0	0	0	0	0.1
Butlerelfia	0	0	0	0.00655	0.00655	0	0	0.0131	0	0	0	0	0	0	0	0	0	0	0	0	0	0	0	0	0	0	0.00655	0	0	0	0	0	0	0	0	0	0	0	0	0	0	0	0	0.1
Scytalidium	0	0	0	0	0	0.00655	0	0	0	0	0	0	0	0.00327	0	0	0	0	0	0	0	0	0.0164	0	0	0	0.00655	0.0393	0.0229	0	0	0	0	0	0	0	0	0	0	0	0	0	0	0.1
Bipolaris	0.00655	0.0295	0.00327	0.0884	0.00982	0.00655	0.0164	0	0	0	0	0	0	0	0	0	0	0	0	0	0	0	0.0262	0	0	0	0.0589	0.0262	0.00982	0.00655	0.0164	0	0	0	0	0.00327	0	0	0.0131	0	0	0.887	0	0.1
Tausonia	0	0	0	0	0.00327	0	0	0	0	0	0	0	0	0	0	0	0.00327	0	0	0	0	0	0	0	0	0	0	0	0	0	0	0	0	0.00327	0.00655	0	0	0.0229	0	0	0.337	0	0	0.1
Ascobolus	0	0.0229	0	0.00327	0.0131	0.00327	0	0	0	0	0	0	0.00982	0	0	0	0	0	0	0	0	0	0.00655	0	0	0	0.0131	0	0	0	0.00327	0	0	0	0	0	0	0	0	0	0	0	0	0.1
Beauveria	0	0	0	0.0131	0	0	0.00327	0	0	0	0	0	0	0.00655	0	0	0	0	0	0	0	0	0.00655	0	0	0	0	0	0	0.00327	0	0	0	0	0	0	0	0	0	0	0	0.00327	0	0.1
Fusicolla	0	0	0	0	0.0426	0	0	0	0	0	0	0	0	0	0	0	0	0	0	0	0	0	0	0.0786	0	0.0491	0.00327	0	0	0	0	0.00655	0	0	0	0	0	0	0	0	0	0	0	0.1
Gamsia	0	0.00327	0	0	0	0	0	0	0	0.0131	0	0	0	0	0	0	0	0	0	0	0	0	0.00327	0	0	0	0.00655	0.0131	0	0	0	0	0	0	0	0	0	0	0	0	0	0	0	0.1
Glomus	0	0	0	0	0	0	0	0	0	0	0	0	0	0	0	0	0	0	0	0	0	0	0	0	0	0	0	0	0	0	0	0	0	0.00327	0.00327	0.00327	0.363	0.0164	0.0262	0.213	0.0131	0	0	0.1
Neopyrenochaeta	0.0164	0	0	0	0	0.0131	0	0	0	0	0	0	0	0	0	0	0	0	0	0	0	0	0	0	0	0	0.00655	0	0	0	0	0	0	0	0	0	0	0	0	0	0	0	0	0.1
Fusarium	0.131	0.344	0.219	0.167	0.19	0.115	0.331	0.18	0.0753	0.0229	0.00327	0.809	0.2	0.321	0.386	0	0	0.00327	0.00327	0.0229	0.0164	0.00327	0.124	0.0491	0	0.124	0.18	0.108	0.2	0.128	0.0655	0.105	0	0.00655	0.308	0.00982	0	0.144	0.0622	0	0.547	0	0.792	0.1
Neosetophoma	0	0	0	0	0	0	0	0	0	0	0	0.0229	0	0	0	0	0	0	0	0	0	0	0	0	0	0	0	0	0	0	0	0	0.0557	0	0	0	0	0	0	0	0	0	0	0.1
Neoschizothecium	0	0	0	0	0	0	0.0164	0	0	0	0	0	0	0	0	0	0	0	0	0	0	0	0.00655	0	0	0	0	0	0	0	0	0	0	0	0	0	0	0	0	0	0	0	0	0.1
Greletia	0.0491	0	0	0	0	0	0	0	0	0	0	0	0	0	0	0	0	0	0	0	0	0	0	0	0	0	0	0	0	0	0	0	0	0	0	0	0	0	0	0	0	0	0	0.1
Melanconiella	0	0	0	0	0	0.0458	0	0	0	0	0.0589	0	0	0	0	0	0	0	0	0	0.00982	0	0	0.0229	0	0	0	0	0	0	0	0	0	0.00655	0	0	0	0	0	0	0	0	0	0.1
Lasiobolidium	0	0	0.00327	0.236	0.0164	0.00327	0.00327	0	0	0	0	0	0	0	0	0	0	0	0	0	0	0	0.00655	0	0	0	0.00655	0.0164	0	0	0	0.0131	0	0	0	0	0	0	0.00327	0	0	0.00982	0	0.1
Leptosphaeria	0	0	0	0	0	0	0	0	0	0	0	0	0	0	0	0	0	0	0	0	0	0	0.0229	0	0	0	0	0	0.00327	0	0	0	0	0	0	0.00327	0	0	0	0.00327	0	0.0753	0	0.1
Metapochonia	0	0.00982	0.0262	0.0327	0	0	0.0229	0	0	0	0	0.00982	0.00655	0.0164	0	0	0	0	0	0	0	0	0	0	0	0	0	0	0.00327	0	0.00327	0.00327	0	0	0	0	0	0	0	0	0	0	0	0.1
Monosporascus	0.00982	0	0	0.00655	0	0	0	0	0	0	0	0	0.00982	0	0	0	0	0	0	0	0	0	0.00327	0	0	0	0	0	0.00655	0	0	0	0	0	0	0	0	0	0	0	0	0.00982	0	0.1
Heydenia	0.196	0.0393	0	0.0393	0.00655	0.0131	0	0.00655	0	0	0	0.00327	0.0164	0	0.0196	0	0	0	0	0	0	0	0.00327	0	0	0	0	0.036	0.0393	0	0.00655	0.0131	0	0.105	0	0	0	0	0	0	0	0.0589	0	0.1
Issatchenkia	0	0	0	0	0	0	0	0	0	0	0	0	0	0	0.0164	0	0	0	0	0	0	0	0	0	0	0	0	0	0	0	0	0	0	0	0	0	0	0	0	0	0	0	0	0.1
Phlebia	0	0	0	0	0	0	0	0	0	0	0	0	0	0	0	0	0	0	0	0	0	0	0	0	0	0	0	0	0	0	0	0	0	0.0557	0	0	0	0	0	0	0	0	0.00327	0.1
Phialophora	0	0	0	0	0	0.00327	0	0	0	0	0	0	0	0	0	0	0	0	0	0.036	0	0	0	0	0	0	0.00327	0.0131	0	0	0	0	0	0	0	0	0	0	0	0	0	0	0	0.1
Phallus	0	0	0	0.00655	0	0.151	0	0	0	0	0	0	0	0	0	0	0	0	0	0	0	0	0	0	0	0	0	0	0	0	0	0	0	0	0	0	0	0	0	0	0	0	0	0.1
Phlyctis	0.00327	0.00655	0	0.00327	0	0	0.00655	0	0	0.00327	0	0	0	0.00655	0	0	0	0	0	0	0.00327	0.00655	0.00327	0	0	0	0.00655	0.00327	0.00327	0	0	0	0	0.00982	0	0	0	0	0	0	0	0	0	0.1
Psathyrella	0.0229	0.00982	0	0	0	0	0	0	0	0	0	0	0	0	0	0	0	0	0	0	0	0	0.00327	0	0	0	0	0	0	0	0	0	0	0	0	0	0	0	0	0	0	0	0	0.1
Conioscypha	0.0131	0	0	0	0	0.206	0	0	0	0	0	0	0	0	0	0	0	0	0	0	0	0	0	0.036	0	0.128	0	0	0	0	0	0	0	0	0	0	0	0	0.00982	0	0	0	0.0164	0.1
Podosphaera	0	0	0	0	0	0.0622	0.0131	0	0	0	0.102	0	0	0	0	0.00327	0	0	0	0	0	0	0	0	0	0	0	0	0.00327	0.00982	0.0131	0	0	0	0	0	0	0	0	0.00982	0	0	0.00655	0.1
Davidiella	0.072	0.39	0.0655	0.236	0.18	0.0557	0.21	0.0524	0.308	0.0688	0	0.327	0.0327	0.18	0.0917	0.0196	0.00327	0	0	0.0262	0	0.275	0.305	0	0	0	0.229	0.18	0.229	0.154	0.0655	0.105	0	0	0.16	0.147	0	0.416	0.337	0.00655	0.00327	0.0458	0.0196	0.1
Panaeolus	0.0131	0.00982	0	0	0	0	0	0	0	0	0	0	0	0	0	0	0.0164	0	0	0	0	0	0.00327	0	0	0	0.00655	0	0	0.00327	0	0.00327	0	0	0	0	0	0.00327	0.00982	0	0.00327	0	0	0.1
Ovatospora	0	0	0	0	0	0.00327	0	0.00327	0.0491	0	0	0	0	0	0	0	0	0	0	0	0	0	0	0	0	0	0	0	0	0	0	0	0	0	0	0	0	0	0	0	0	0	0	0.1
Funneliformis	0.00327	0	0	0	0	0.373	0	0	0	0.0196	0	0	0.0164	0.0131	0	0.102	0	0	0	0	0	0	0.00982	0	0	0.0622	0	0.0196	0.0229	0.00327	0.036	0	0	0	0	0	0.0196	0.00327	0	0.0196	0	0.00327	0.0164	0.1
Paracremonium	0	0	0	0	0	0	0.00327	0	0	0.0622	0	0	0	0	0	0	0	0.0884	0	0	0	0	0	0	0	0.0491	0	0	0	0	0	0	0.0458	0	0	0	0	0	0	0	0	0	0.00327	0.1
Debaryomyces	0	0	0	0.0131	0	0	0	0	0.0458	0	0	0	0	0	0	0	0	0	0	0	0	0	0	0	0	0	0.0131	0	0	0	0	0	0	0	0	0	0	0	0	0	0	0	0	0.1
Peniophora	0	0	0	0	0	0.0196	0	0	0	0	0	0	0	0	0	0	0	0	0	0.396	0	0	0	0	0	0	0	0	0	0	0	0	0	0	0	0	0	0	0	0	0	0	0	0.1
Diplogelasinospora	0	0	0.0164	0	0	0	0	0	0	0	0	0	0	0	0	0	0	0	0	0	0	0	0	0	0	0	0	0	0	0	0	0.00655	0	0	0	0	0	0	0	0	0	0	0	0.1
