bray_curtis	A.0	A.1	A.11	A.12	A.14	A.13	A.8	A.9	A.15	A.16	A.4	A.6	A.7	A.5	A.3	A.17	A.2	A.20	A.21	T.1	G.1	G.3	G.4	LW.1	G.2	G.5	GR.01	A.23	A.24	A.25	A.26	A.28	A.27	A.29	A.30	A.32	A.34	C3.2	BS.2
A.0	0	0.437	0.525	0.554	0.552	0.570	0.591	0.585	0.552	0.580	0.502	0.495	0.544	0.531	0.465	0.584	0.535	0.611	0.614	0.669	0.658	0.647	0.660	0.640	0.729	0.767	0.749	0.742	0.712	0.707	0.711	0.712	0.721	0.731	0.707	0.715	0.692	0.683	0.683
A.1	0.437	0	0.292	0.323	0.326	0.348	0.367	0.357	0.369	0.396	0.286	0.284	0.312	0.325	0.263	0.421	0.324	0.443	0.478	0.545	0.584	0.569	0.563	0.634	0.676	0.714	0.673	0.677	0.666	0.666	0.677	0.682	0.697	0.697	0.668	0.676	0.640	0.653	0.634
A.11	0.525	0.292	0	0.177	0.190	0.206	0.242	0.221	0.234	0.260	0.230	0.210	0.211	0.253	0.261	0.290	0.281	0.377	0.437	0.505	0.615	0.532	0.544	0.665	0.689	0.667	0.686	0.638	0.621	0.615	0.635	0.643	0.660	0.645	0.656	0.639	0.589	0.669	0.648
A.12	0.554	0.323	0.177	0	0.158	0.172	0.222	0.205	0.208	0.226	0.244	0.221	0.212	0.251	0.283	0.264	0.304	0.352	0.421	0.491	0.629	0.559	0.560	0.677	0.710	0.688	0.698	0.615	0.615	0.609	0.634	0.644	0.659	0.646	0.658	0.641	0.588	0.664	0.638
A.14	0.552	0.326	0.190	0.158	0	0.166	0.230	0.219	0.199	0.213	0.262	0.236	0.230	0.259	0.297	0.246	0.318	0.345	0.413	0.500	0.639	0.562	0.568	0.677	0.715	0.700	0.704	0.604	0.608	0.602	0.628	0.640	0.660	0.650	0.655	0.639	0.586	0.661	0.630
A.13	0.570	0.348	0.206	0.172	0.166	0	0.206	0.191	0.200	0.192	0.248	0.243	0.219	0.242	0.287	0.257	0.296	0.356	0.423	0.503	0.652	0.578	0.581	0.685	0.721	0.674	0.714	0.605	0.616	0.613	0.637	0.647	0.664	0.645	0.660	0.644	0.593	0.669	0.644
A.8	0.591	0.367	0.242	0.222	0.230	0.206	0	0.151	0.284	0.247	0.246	0.241	0.207	0.216	0.296	0.328	0.260	0.409	0.462	0.464	0.647	0.583	0.587	0.683	0.722	0.639	0.717	0.654	0.638	0.633	0.658	0.663	0.679	0.652	0.669	0.659	0.607	0.681	0.662
A.9	0.585	0.357	0.221	0.205	0.219	0.191	0.151	0	0.267	0.232	0.237	0.234	0.201	0.212	0.292	0.320	0.255	0.406	0.458	0.474	0.643	0.572	0.580	0.682	0.717	0.635	0.711	0.652	0.640	0.634	0.656	0.662	0.676	0.654	0.675	0.660	0.610	0.684	0.662
A.15	0.552	0.369	0.234	0.208	0.199	0.200	0.284	0.267	0	0.181	0.303	0.288	0.287	0.309	0.331	0.222	0.331	0.342	0.405	0.542	0.676	0.595	0.610	0.700	0.743	0.705	0.733	0.568	0.592	0.589	0.617	0.624	0.649	0.637	0.658	0.633	0.579	0.656	0.614
A.16	0.580	0.396	0.260	0.226	0.213	0.192	0.247	0.232	0.181	0	0.300	0.304	0.295	0.290	0.341	0.225	0.311	0.354	0.416	0.553	0.687	0.608	0.620	0.709	0.757	0.672	0.743	0.561	0.591	0.587	0.617	0.624	0.650	0.633	0.654	0.631	0.577	0.658	0.624
A.4	0.502	0.286	0.230	0.244	0.262	0.248	0.246	0.237	0.303	0.300	0	0.187	0.202	0.196	0.201	0.370	0.232	0.453	0.503	0.524	0.600	0.531	0.530	0.644	0.669	0.624	0.677	0.685	0.631	0.622	0.647	0.649	0.666	0.635	0.656	0.642	0.591	0.668	0.647
A.6	0.495	0.284	0.210	0.221	0.236	0.243	0.241	0.234	0.288	0.304	0.187	0	0.182	0.197	0.220	0.351	0.255	0.440	0.492	0.499	0.604	0.529	0.536	0.636	0.672	0.656	0.680	0.667	0.625	0.617	0.641	0.648	0.662	0.635	0.650	0.637	0.587	0.660	0.643
A.7	0.544	0.312	0.211	0.212	0.230	0.219	0.207	0.201	0.287	0.295	0.202	0.182	0	0.204	0.248	0.346	0.260	0.430	0.487	0.481	0.618	0.543	0.548	0.656	0.689	0.658	0.689	0.671	0.632	0.624	0.648	0.654	0.671	0.643	0.660	0.649	0.599	0.676	0.661
A.5	0.531	0.325	0.253	0.251	0.259	0.242	0.216	0.212	0.309	0.290	0.196	0.197	0.204	0	0.243	0.370	0.248	0.462	0.514	0.502	0.624	0.551	0.558	0.654	0.694	0.635	0.702	0.685	0.637	0.630	0.651	0.657	0.672	0.643	0.664	0.650	0.600	0.674	0.652
A.3	0.465	0.263	0.261	0.283	0.297	0.287	0.296	0.292	0.331	0.341	0.201	0.220	0.248	0.243	0	0.400	0.246	0.481	0.515	0.569	0.591	0.521	0.517	0.626	0.655	0.625	0.669	0.676	0.621	0.611	0.632	0.642	0.655	0.623	0.643	0.628	0.582	0.653	0.644
A.17	0.584	0.421	0.290	0.264	0.246	0.257	0.328	0.320	0.222	0.225	0.370	0.351	0.346	0.370	0.400	0	0.404	0.310	0.377	0.538	0.687	0.600	0.622	0.721	0.754	0.727	0.740	0.525	0.563	0.558	0.594	0.597	0.632	0.635	0.634	0.613	0.557	0.641	0.608
A.2	0.535	0.324	0.281	0.304	0.318	0.296	0.260	0.255	0.331	0.311	0.232	0.255	0.260	0.248	0.246	0.404	0	0.489	0.530	0.564	0.625	0.554	0.558	0.655	0.686	0.593	0.703	0.685	0.640	0.632	0.656	0.658	0.676	0.647	0.669	0.650	0.606	0.682	0.674
A.20	0.611	0.443	0.377	0.352	0.345	0.356	0.409	0.406	0.342	0.354	0.453	0.440	0.430	0.462	0.481	0.310	0.489	0	0.178	0.537	0.673	0.669	0.664	0.755	0.795	0.787	0.722	0.543	0.582	0.609	0.638	0.650	0.683	0.693	0.648	0.662	0.589	0.636	0.595
A.21	0.614	0.478	0.437	0.421	0.413	0.423	0.462	0.458	0.405	0.416	0.503	0.492	0.487	0.514	0.515	0.377	0.530	0.178	0	0.579	0.691	0.699	0.689	0.770	0.806	0.804	0.743	0.526	0.576	0.595	0.627	0.643	0.671	0.688	0.644	0.661	0.590	0.620	0.580
T.1	0.669	0.545	0.505	0.491	0.500	0.503	0.464	0.474	0.542	0.553	0.524	0.499	0.481	0.502	0.569	0.538	0.564	0.537	0.579	0	0.641	0.645	0.646	0.684	0.783	0.807	0.729	0.760	0.760	0.768	0.777	0.788	0.802	0.798	0.783	0.789	0.759	0.745	0.726
G.1	0.658	0.584	0.615	0.629	0.639	0.652	0.647	0.643	0.676	0.687	0.600	0.604	0.618	0.624	0.591	0.687	0.625	0.673	0.691	0.641	0	0.380	0.358	0.452	0.496	0.642	0.501	0.820	0.789	0.788	0.798	0.798	0.809	0.798	0.780	0.788	0.767	0.763	0.765
G.3	0.647	0.569	0.532	0.559	0.562	0.578	0.583	0.572	0.595	0.608	0.531	0.529	0.543	0.551	0.521	0.600	0.554	0.669	0.699	0.645	0.380	0	0.266	0.555	0.479	0.528	0.540	0.781	0.723	0.719	0.740	0.738	0.751	0.733	0.746	0.721	0.691	0.765	0.770
G.4	0.660	0.563	0.544	0.560	0.568	0.581	0.587	0.580	0.610	0.620	0.530	0.536	0.548	0.558	0.517	0.622	0.558	0.664	0.689	0.646	0.358	0.266	0	0.527	0.464	0.488	0.539	0.777	0.715	0.718	0.732	0.732	0.745	0.734	0.736	0.721	0.699	0.757	0.762
LW.1	0.640	0.634	0.665	0.677	0.677	0.685	0.683	0.682	0.700	0.709	0.644	0.636	0.656	0.654	0.626	0.721	0.655	0.755	0.770	0.684	0.452	0.555	0.527	0	0.589	0.714	0.618	0.789	0.765	0.760	0.765	0.763	0.778	0.766	0.757	0.753	0.745	0.745	0.762
G.2	0.729	0.676	0.689	0.710	0.715	0.721	0.722	0.717	0.743	0.757	0.669	0.672	0.689	0.694	0.655	0.754	0.686	0.795	0.806	0.783	0.496	0.479	0.464	0.589	0	0.508	0.580	0.835	0.813	0.810	0.814	0.816	0.820	0.813	0.805	0.809	0.797	0.825	0.832
G.5	0.767	0.714	0.667	0.688	0.700	0.674	0.639	0.635	0.705	0.672	0.624	0.656	0.658	0.635	0.625	0.727	0.593	0.787	0.804	0.807	0.642	0.528	0.488	0.714	0.508	0	0.686	0.849	0.806	0.793	0.813	0.811	0.818	0.783	0.824	0.801	0.778	0.846	0.851
GR.01	0.749	0.673	0.686	0.698	0.704	0.714	0.717	0.711	0.733	0.743	0.677	0.680	0.689	0.702	0.669	0.740	0.703	0.722	0.743	0.729	0.501	0.540	0.539	0.618	0.580	0.686	0	0.801	0.773	0.773	0.788	0.793	0.801	0.793	0.780	0.783	0.762	0.761	0.750
A.23	0.742	0.677	0.638	0.615	0.604	0.605	0.654	0.652	0.568	0.561	0.685	0.667	0.671	0.685	0.676	0.525	0.685	0.543	0.526	0.760	0.820	0.781	0.777	0.789	0.835	0.849	0.801	0	0.320	0.375	0.423	0.441	0.469	0.494	0.484	0.479	0.466	0.546	0.529
A.24	0.712	0.666	0.621	0.615	0.608	0.616	0.638	0.640	0.592	0.591	0.631	0.625	0.632	0.637	0.621	0.563	0.640	0.582	0.576	0.760	0.789	0.723	0.715	0.765	0.813	0.806	0.773	0.320	0	0.198	0.272	0.305	0.349	0.365	0.375	0.357	0.353	0.472	0.444
A.25	0.707	0.666	0.615	0.609	0.602	0.613	0.633	0.634	0.589	0.587	0.622	0.617	0.624	0.630	0.611	0.558	0.632	0.609	0.595	0.768	0.788	0.719	0.718	0.760	0.810	0.793	0.773	0.375	0.198	0	0.202	0.241	0.281	0.300	0.333	0.311	0.364	0.438	0.433
A.26	0.711	0.677	0.635	0.634	0.628	0.637	0.658	0.656	0.617	0.617	0.647	0.641	0.648	0.651	0.632	0.594	0.656	0.638	0.627	0.777	0.798	0.740	0.732	0.765	0.814	0.813	0.788	0.423	0.272	0.202	0	0.182	0.216	0.285	0.299	0.299	0.394	0.435	0.438
A.28	0.712	0.682	0.643	0.644	0.640	0.647	0.663	0.662	0.624	0.624	0.649	0.648	0.654	0.657	0.642	0.597	0.658	0.650	0.643	0.788	0.798	0.738	0.732	0.763	0.816	0.811	0.793	0.441	0.305	0.241	0.182	0	0.194	0.271	0.275	0.283	0.388	0.428	0.449
A.27	0.721	0.697	0.660	0.659	0.660	0.664	0.679	0.676	0.649	0.650	0.666	0.662	0.671	0.672	0.655	0.632	0.676	0.683	0.671	0.802	0.809	0.751	0.745	0.778	0.820	0.818	0.801	0.469	0.349	0.281	0.216	0.194	0	0.245	0.272	0.289	0.424	0.426	0.471
A.29	0.731	0.697	0.645	0.646	0.650	0.645	0.652	0.654	0.637	0.633	0.635	0.635	0.643	0.643	0.623	0.635	0.647	0.693	0.688	0.798	0.798	0.733	0.734	0.766	0.813	0.783	0.793	0.494	0.365	0.300	0.285	0.271	0.245	0	0.267	0.256	0.408	0.386	0.447
A.30	0.707	0.668	0.656	0.658	0.655	0.660	0.669	0.675	0.658	0.654	0.656	0.650	0.660	0.664	0.643	0.634	0.669	0.648	0.644	0.783	0.780	0.746	0.736	0.757	0.805	0.824	0.780	0.484	0.375	0.333	0.299	0.275	0.272	0.267	0	0.243	0.365	0.350	0.432
A.32	0.715	0.676	0.639	0.641	0.639	0.644	0.659	0.660	0.633	0.631	0.642	0.637	0.649	0.650	0.628	0.613	0.650	0.662	0.661	0.789	0.788	0.721	0.721	0.753	0.809	0.801	0.783	0.479	0.357	0.311	0.299	0.283	0.289	0.256	0.243	0	0.335	0.360	0.459
A.34	0.692	0.640	0.589	0.588	0.586	0.593	0.607	0.610	0.579	0.577	0.591	0.587	0.599	0.600	0.582	0.557	0.606	0.589	0.590	0.759	0.767	0.691	0.699	0.745	0.797	0.778	0.762	0.466	0.353	0.364	0.394	0.388	0.424	0.408	0.365	0.335	0	0.453	0.495
C3.2	0.683	0.653	0.669	0.664	0.661	0.669	0.681	0.684	0.656	0.658	0.668	0.660	0.676	0.674	0.653	0.641	0.682	0.636	0.620	0.745	0.763	0.765	0.757	0.745	0.825	0.846	0.761	0.546	0.472	0.438	0.435	0.428	0.426	0.386	0.350	0.360	0.453	0	0.356
BS.2	0.683	0.634	0.648	0.638	0.630	0.644	0.662	0.662	0.614	0.624	0.647	0.643	0.661	0.652	0.644	0.608	0.674	0.595	0.580	0.726	0.765	0.770	0.762	0.762	0.832	0.851	0.750	0.529	0.444	0.433	0.438	0.449	0.471	0.447	0.432	0.459	0.495	0.356	0
