euclidean	A.0	A.1	A.11	A.12	A.13	A.14	A.15	A.16	A.17	A.2	A.20	A.21	A.23	A.24	A.25	A.26	A.27	A.28	A.29	A.3	A.30	A.32	A.34	A.4	A.5	A.6	A.7	A.8	A.9	BS.2	C3.2	G.1	G.2	G.3	G.4	G.5	GR.01	LW.1	T.1
A.0	0	43.7	46.4	47.7	48.4	47.8	48.3	49.6	51.3	46.2	53.5	53.4	55.1	54.0	54.2	53.6	53.9	53.1	54.1	44.2	52.9	53.1	53.2	45.2	46.3	44.8	46.6	48.5	48.8	54.4	53.0	52.7	54.9	52.5	52.3	56.3	55.1	49.3	53.0
A.1	43.7	0	42.7	44.0	44.3	44.3	45.0	46.4	48.8	43.2	50.4	51.0	53.4	52.4	52.6	52.5	52.6	52.3	52.5	41.0	52.1	52.4	52.2	42.0	43.2	42.6	43.5	44.9	44.2	52.7	52.6	52.0	55.1	52.6	52.2	56.1	55.0	51.0	52.2
A.11	46.4	42.7	0	42.6	43.3	42.9	43.0	44.6	45.2	42.9	46.4	47.2	50.2	49.6	49.6	49.4	50.1	50.2	50.0	43.0	50.0	50.2	49.2	42.4	43.0	42.4	42.2	43.2	42.3	50.2	50.3	52.6	55.5	53.3	53.2	55.3	54.0	52.0	50.8
A.12	47.7	44.0	42.6	0	43.3	43.0	43.1	43.4	44.5	43.4	44.7	45.6	47.8	47.6	47.7	48.1	48.7	48.5	48.4	43.6	48.4	49.3	48.1	43.5	43.4	42.7	43.2	42.5	43.1	48.5	48.5	51.9	54.3	53.0	52.1	54.3	52.6	51.4	48.5
A.13	48.4	44.3	43.3	43.3	0	43.0	42.1	43.0	43.1	44.0	43.6	44.2	46.8	47.0	47.1	47.1	48.0	47.3	48.4	44.4	47.4	48.9	47.6	44.1	43.9	44.4	43.0	43.3	42.4	47.6	48.2	52.4	54.6	53.5	52.7	54.0	52.3	51.9	48.1
A.14	47.8	44.3	42.9	43.0	43.0	0	43.0	43.2	43.9	44.1	44.6	45.4	47.7	47.7	47.9	48.3	48.9	48.6	49.3	44.1	48.1	49.6	48.0	43.8	42.7	43.3	43.8	43.0	42.6	48.4	49.3	52.5	54.9	53.5	52.8	54.8	52.8	52.4	48.9
A.15	48.3	45.0	43.0	43.1	42.1	43.0	0	43.2	43.3	44.7	43.0	44.4	46.3	46.1	46.6	46.9	47.2	47.1	47.5	45.0	47.4	47.9	47.1	44.4	44.3	44.4	44.3	43.0	42.9	47.1	47.5	52.9	55.1	54.0	53.4	54.8	53.1	52.9	48.7
A.16	49.6	46.4	44.6	43.4	43.0	43.2	43.2	0	41.2	45.3	40.7	41.6	44.0	43.5	44.0	44.7	45.2	45.3	45.3	46.7	45.2	46.4	44.9	44.9	44.4	45.3	45.1	42.8	42.8	45.4	45.7	52.3	54.5	53.6	52.9	53.5	52.1	52.3	46.9
A.17	51.3	48.8	45.2	44.5	43.1	43.9	43.3	41.2	0	46.8	38.6	39.2	41.0	41.2	41.9	42.2	42.9	42.8	43.4	48.1	43.2	44.4	43.5	47.1	45.3	46.9	45.8	42.7	44.2	42.3	43.5	53.2	54.9	54.2	54.3	54.2	52.3	53.0	45.9
A.2	46.2	43.2	42.9	43.4	44.0	44.1	44.7	45.3	46.8	0	48.0	48.6	51.3	50.6	50.5	50.7	50.8	51.0	51.3	42.4	50.5	51.1	50.2	42.7	43.5	42.8	42.7	43.7	43.3	51.0	51.0	51.9	54.2	53.0	51.7	54.4	53.8	50.9	50.0
A.20	53.5	50.4	46.4	44.7	43.6	44.6	43.0	40.7	38.6	48.0	0	35.6	37.5	38.0	39.1	39.1	40.4	40.4	40.9	50.1	40.7	42.4	41.5	48.4	46.8	48.6	46.9	44.0	44.3	39.6	41.7	53.1	54.8	55.1	55.0	52.8	51.0	54.4	45.1
A.21	53.4	51.0	47.2	45.6	44.2	45.4	44.4	41.6	39.2	48.6	35.6	0	37.2	38.1	38.3	39.6	39.9	40.1	40.3	50.7	40.4	41.8	40.8	49.0	47.7	48.8	47.6	44.2	44.8	39.5	41.0	53.5	54.8	55.6	55.1	53.0	51.2	54.2	45.1
A.23	55.1	53.4	50.2	47.8	46.8	47.7	46.3	44.0	41.0	51.3	37.5	37.2	0	34.5	35.4	35.8	36.4	36.5	36.6	53.0	37.1	39.2	38.3	51.7	49.9	51.3	50.1	46.4	47.4	36.6	38.1	53.5	53.8	54.9	54.8	52.1	49.6	53.6	44.7
A.24	54.0	52.4	49.6	47.6	47.0	47.7	46.1	43.5	41.2	50.6	38.0	38.1	34.5	0	34.4	35.4	35.8	36.4	36.2	52.2	36.0	38.1	38.1	51.2	49.6	51.1	49.7	46.2	47.0	36.6	37.2	52.8	54.3	54.8	54.3	52.8	50.2	53.0	45.0
A.25	54.2	52.6	49.6	47.7	47.1	47.9	46.6	44.0	41.9	50.5	39.1	38.3	35.4	34.4	0	35.0	35.3	35.9	36.2	52.4	36.2	37.8	38.2	51.3	49.7	50.9	49.7	46.9	47.4	36.8	37.1	53.0	54.0	55.0	54.5	53.2	50.1	52.7	45.2
A.26	53.6	52.5	49.4	48.1	47.1	48.3	46.9	44.7	42.2	50.7	39.1	39.6	35.8	35.4	35.0	0	34.6	35.3	35.0	52.3	35.1	36.2	37.6	51.5	49.5	51.2	49.7	47.3	47.6	35.3	36.0	53.4	54.8	55.7	55.2	53.9	50.2	52.8	45.7
A.27	53.9	52.6	50.1	48.7	48.0	48.9	47.2	45.2	42.9	50.8	40.4	39.9	36.4	35.8	35.3	34.6	0	35.1	34.2	52.8	35.6	36.2	37.5	51.6	50.2	51.6	50.5	47.7	48.0	36.5	36.4	53.1	54.7	55.4	54.9	53.6	50.6	52.9	46.3
A.28	53.1	52.3	50.2	48.5	47.3	48.6	47.1	45.3	42.8	51.0	40.4	40.1	36.5	36.4	35.9	35.3	35.1	0	35.0	52.3	35.9	36.5	37.7	51.2	50.0	51.3	50.8	47.6	47.9	35.9	36.6	53.4	54.7	55.5	54.9	53.9	50.7	52.6	46.3
A.29	54.1	52.5	50.0	48.4	48.4	49.3	47.5	45.3	43.4	51.3	40.9	40.3	36.6	36.2	36.2	35.0	34.2	35.0	0	52.1	34.6	34.8	36.9	51.4	50.3	51.6	50.6	47.7	48.1	35.7	35.6	53.5	54.8	55.6	54.8	53.9	50.3	52.3	46.4
A.3	44.2	41.0	43.0	43.6	44.4	44.1	45.0	46.7	48.1	42.4	50.1	50.7	53.0	52.2	52.4	52.3	52.8	52.3	52.1	0	52.0	52.1	51.7	41.7	43.2	41.6	43.4	44.8	44.3	52.6	52.4	52.7	55.3	53.5	52.1	56.0	54.9	50.7	52.2
A.30	52.9	52.1	50.0	48.4	47.4	48.1	47.4	45.2	43.2	50.5	40.7	40.4	37.1	36.0	36.2	35.1	35.6	35.9	34.6	52.0	0	35.8	36.7	51.3	49.9	51.0	50.1	47.2	47.9	35.7	35.9	53.0	54.6	54.9	54.2	53.8	50.7	52.3	45.7
A.32	53.1	52.4	50.2	49.3	48.9	49.6	47.9	46.4	44.4	51.1	42.4	41.8	39.2	38.1	37.8	36.2	36.2	36.5	34.8	52.1	35.8	0	37.7	51.6	50.2	51.3	51.1	48.6	49.1	37.0	36.2	53.5	55.3	55.1	55.0	54.9	51.3	52.4	47.0
A.34	53.2	52.2	49.2	48.1	47.6	48.0	47.1	44.9	43.5	50.2	41.5	40.8	38.3	38.1	38.2	37.6	37.5	37.7	36.9	51.7	36.7	37.7	0	50.4	49.5	50.6	49.9	47.1	47.8	37.4	37.3	53.0	54.9	55.0	54.6	54.0	51.2	52.6	46.4
A.4	45.2	42.0	42.4	43.5	44.1	43.8	44.4	44.9	47.1	42.7	48.4	49.0	51.7	51.2	51.3	51.5	51.6	51.2	51.4	41.7	51.3	51.6	50.4	0	42.5	42.3	43.1	44.2	43.8	51.2	51.7	52.2	54.3	52.9	51.9	54.3	53.9	50.8	50.4
A.5	46.3	43.2	43.0	43.4	43.9	42.7	44.3	44.4	45.3	43.5	46.8	47.7	49.9	49.6	49.7	49.5	50.2	50.0	50.3	43.2	49.9	50.2	49.5	42.5	0	42.9	43.6	43.4	43.1	50.1	49.9	52.4	54.7	53.4	52.7	55.0	54.0	51.2	49.6
A.6	44.8	42.6	42.4	42.7	44.4	43.3	44.4	45.3	46.9	42.8	48.6	48.8	51.3	51.1	50.9	51.2	51.6	51.3	51.6	41.6	51.0	51.3	50.6	42.3	42.9	0	42.7	43.9	43.6	51.3	51.6	51.9	54.6	53.1	52.5	55.5	54.0	50.9	50.6
A.7	46.6	43.5	42.2	43.2	43.0	43.8	44.3	45.1	45.8	42.7	46.9	47.6	50.1	49.7	49.7	49.7	50.5	50.8	50.6	43.4	50.1	51.1	49.9	43.1	43.6	42.7	0	43.1	43.2	50.4	50.7	52.5	54.4	53.1	52.2	54.5	53.3	51.8	50.3
A.8	48.5	44.9	43.2	42.5	43.3	43.0	43.0	42.8	42.7	43.7	44.0	44.2	46.4	46.2	46.9	47.3	47.7	47.6	47.7	44.8	47.2	48.6	47.1	44.2	43.4	43.9	43.1	0	42.9	47.3	47.8	52.3	54.4	53.5	52.9	54.2	53.0	51.5	48.4
A.9	48.8	44.2	42.3	43.1	42.4	42.6	42.9	42.8	44.2	43.3	44.3	44.8	47.4	47.0	47.4	47.6	48.0	47.9	48.1	44.3	47.9	49.1	47.8	43.8	43.1	43.6	43.2	42.9	0	47.9	48.7	51.6	54.3	53.2	52.7	54.1	52.3	51.8	48.4
BS.2	54.4	52.7	50.2	48.5	47.6	48.4	47.1	45.4	42.3	51.0	39.6	39.5	36.6	36.6	36.8	35.3	36.5	35.9	35.7	52.6	35.7	37.0	37.4	51.2	50.1	51.3	50.4	47.3	47.9	0	35.7	53.1	54.1	55.3	54.7	52.7	49.8	52.8	45.3
C3.2	53.0	52.6	50.3	48.5	48.2	49.3	47.5	45.7	43.5	51.0	41.7	41.0	38.1	37.2	37.1	36.0	36.4	36.6	35.6	52.4	35.9	36.2	37.3	51.7	49.9	51.6	50.7	47.8	48.7	35.7	0	52.5	53.8	54.5	53.9	53.3	49.5	51.5	45.9
G.1	52.7	52.0	52.6	51.9	52.4	52.5	52.9	52.3	53.2	51.9	53.1	53.5	53.5	52.8	53.0	53.4	53.1	53.4	53.5	52.7	53.0	53.5	53.0	52.2	52.4	51.9	52.5	52.3	51.6	53.1	52.5	0	41.2	40.1	40.1	46.6	40.6	41.7	45.7
G.2	54.9	55.1	55.5	54.3	54.6	54.9	55.1	54.5	54.9	54.2	54.8	54.8	53.8	54.3	54.0	54.8	54.7	54.7	54.8	55.3	54.6	55.3	54.9	54.3	54.7	54.6	54.4	54.4	54.3	54.1	53.8	41.2	0	41.1	40.6	37.9	40.3	46.2	49.5
G.3	52.5	52.6	53.3	53.0	53.5	53.5	54.0	53.6	54.2	53.0	55.1	55.6	54.9	54.8	55.0	55.7	55.4	55.5	55.6	53.5	54.9	55.1	55.0	52.9	53.4	53.1	53.1	53.5	53.2	55.3	54.5	40.1	41.1	0	38.5	44.7	44.2	44.6	48.9
G.4	52.3	52.2	53.2	52.1	52.7	52.8	53.4	52.9	54.3	51.7	55.0	55.1	54.8	54.3	54.5	55.2	54.9	54.9	54.8	52.1	54.2	55.0	54.6	51.9	52.7	52.5	52.2	52.9	52.7	54.7	53.9	40.1	40.6	38.5	0	43.7	43.8	45.0	48.7
G.5	56.3	56.1	55.3	54.3	54.0	54.8	54.8	53.5	54.2	54.4	52.8	53.0	52.1	52.8	53.2	53.9	53.6	53.9	53.9	56.0	53.8	54.9	54.0	54.3	55.0	55.5	54.5	54.2	54.1	52.7	53.3	46.6	37.9	44.7	43.7	0	44.7	50.4	50.5
GR.01	55.1	55.0	54.0	52.6	52.3	52.8	53.1	52.1	52.3	53.8	51.0	51.2	49.6	50.2	50.1	50.2	50.6	50.7	50.3	54.9	50.7	51.3	51.2	53.9	54.0	54.0	53.3	53.0	52.3	49.8	49.5	40.6	40.3	44.2	43.8	44.7	0	43.7	45.3
LW.1	49.3	51.0	52.0	51.4	51.9	52.4	52.9	52.3	53.0	50.9	54.4	54.2	53.6	53.0	52.7	52.8	52.9	52.6	52.3	50.7	52.3	52.4	52.6	50.8	51.2	50.9	51.8	51.5	51.8	52.8	51.5	41.7	46.2	44.6	45.0	50.4	43.7	0	46.0
T.1	53.0	52.2	50.8	48.5	48.1	48.9	48.7	46.9	45.9	50.0	45.1	45.1	44.7	45.0	45.2	45.7	46.3	46.3	46.4	52.2	45.7	47.0	46.4	50.4	49.6	50.6	50.3	48.4	48.4	45.3	45.9	45.7	49.5	48.9	48.7	50.5	45.3	46.0	0
