euclidean	A.0	A.1	A.3	A.6	A.4	A.11	A.7	A.9	A.13	A.15	A.2	A.5	A.14	A.12	A.8	A.16	A.17	A.20	A.21	A.23	A.24	A.25	A.26	A.27	A.29	A.30	A.32	A.28	BS.2	C3.2	A.34	T.1	G.1	G.3	G.4	G.2	G.5	GR.01	LW.1
A.0	0	43.7	44.2	44.8	45.2	46.4	46.6	48.8	48.4	48.3	46.2	46.3	47.8	47.7	48.5	49.6	51.3	53.5	53.4	55.1	54.0	54.2	53.6	53.9	54.1	52.9	53.1	53.1	54.4	53.0	53.2	53.0	52.7	52.5	52.3	54.9	56.3	55.1	49.3
A.1	43.7	0	41.0	42.6	42.0	42.7	43.5	44.2	44.3	45.0	43.2	43.2	44.3	44.0	44.9	46.4	48.8	50.4	51.0	53.4	52.4	52.6	52.5	52.6	52.5	52.1	52.4	52.3	52.7	52.6	52.2	52.2	52.0	52.6	52.2	55.1	56.1	55.0	51.0
A.3	44.2	41.0	0	41.6	41.7	43.0	43.4	44.3	44.4	45.0	42.4	43.2	44.1	43.6	44.8	46.7	48.1	50.1	50.7	53.0	52.2	52.4	52.3	52.8	52.1	52.0	52.1	52.3	52.6	52.4	51.7	52.2	52.7	53.5	52.1	55.3	56.0	54.9	50.7
A.6	44.8	42.6	41.6	0	42.3	42.4	42.7	43.6	44.4	44.4	42.8	42.9	43.3	42.7	43.9	45.3	46.9	48.6	48.8	51.3	51.1	50.9	51.2	51.6	51.6	51.0	51.3	51.3	51.3	51.6	50.6	50.6	51.9	53.1	52.5	54.6	55.5	54.0	50.9
A.4	45.2	42.0	41.7	42.3	0	42.4	43.1	43.8	44.1	44.4	42.7	42.5	43.8	43.5	44.2	44.9	47.1	48.4	49.0	51.7	51.2	51.3	51.5	51.6	51.4	51.3	51.6	51.2	51.2	51.7	50.4	50.4	52.2	52.9	51.9	54.3	54.3	53.9	50.8
A.11	46.4	42.7	43.0	42.4	42.4	0	42.2	42.3	43.3	43.0	42.9	43.0	42.9	42.6	43.2	44.6	45.2	46.4	47.2	50.2	49.6	49.6	49.4	50.1	50.0	50.0	50.2	50.2	50.2	50.3	49.2	50.8	52.6	53.3	53.2	55.5	55.3	54.0	52.0
A.7	46.6	43.5	43.4	42.7	43.1	42.2	0	43.2	43.0	44.3	42.7	43.6	43.8	43.2	43.1	45.1	45.8	46.9	47.6	50.1	49.7	49.7	49.7	50.5	50.6	50.1	51.1	50.8	50.4	50.7	49.9	50.3	52.5	53.1	52.2	54.4	54.5	53.3	51.8
A.9	48.8	44.2	44.3	43.6	43.8	42.3	43.2	0	42.4	42.9	43.3	43.1	42.6	43.1	42.9	42.8	44.2	44.3	44.8	47.4	47.0	47.4	47.6	48.0	48.1	47.9	49.1	47.9	47.9	48.7	47.8	48.4	51.6	53.2	52.7	54.3	54.1	52.3	51.8
A.13	48.4	44.3	44.4	44.4	44.1	43.3	43.0	42.4	0	42.1	44.0	43.9	43.0	43.3	43.3	43.0	43.1	43.6	44.2	46.8	47.0	47.1	47.1	48.0	48.4	47.4	48.9	47.3	47.6	48.2	47.6	48.1	52.4	53.5	52.7	54.6	54.0	52.3	51.9
A.15	48.3	45.0	45.0	44.4	44.4	43.0	44.3	42.9	42.1	0	44.7	44.3	43.0	43.1	43.0	43.2	43.3	43.0	44.4	46.3	46.1	46.6	46.9	47.2	47.5	47.4	47.9	47.1	47.1	47.5	47.1	48.7	52.9	54.0	53.4	55.1	54.8	53.1	52.9
A.2	46.2	43.2	42.4	42.8	42.7	42.9	42.7	43.3	44.0	44.7	0	43.5	44.1	43.4	43.7	45.3	46.8	48.0	48.6	51.3	50.6	50.5	50.7	50.8	51.3	50.5	51.1	51.0	51.0	51.0	50.2	50.0	51.9	53.0	51.7	54.2	54.4	53.8	50.9
A.5	46.3	43.2	43.2	42.9	42.5	43.0	43.6	43.1	43.9	44.3	43.5	0	42.7	43.4	43.4	44.4	45.3	46.8	47.7	49.9	49.6	49.7	49.5	50.2	50.3	49.9	50.2	50.0	50.1	49.9	49.5	49.6	52.4	53.4	52.7	54.7	55.0	54.0	51.2
A.14	47.8	44.3	44.1	43.3	43.8	42.9	43.8	42.6	43.0	43.0	44.1	42.7	0	43.0	43.0	43.2	43.9	44.6	45.4	47.7	47.7	47.9	48.3	48.9	49.3	48.1	49.6	48.6	48.4	49.3	48.0	48.9	52.5	53.5	52.8	54.9	54.8	52.8	52.4
A.12	47.7	44.0	43.6	42.7	43.5	42.6	43.2	43.1	43.3	43.1	43.4	43.4	43.0	0	42.5	43.4	44.5	44.7	45.6	47.8	47.6	47.7	48.1	48.7	48.4	48.4	49.3	48.5	48.5	48.5	48.1	48.5	51.9	53.0	52.1	54.3	54.3	52.6	51.4
A.8	48.5	44.9	44.8	43.9	44.2	43.2	43.1	42.9	43.3	43.0	43.7	43.4	43.0	42.5	0	42.8	42.7	44.0	44.2	46.4	46.2	46.9	47.3	47.7	47.7	47.2	48.6	47.6	47.3	47.8	47.1	48.4	52.3	53.5	52.9	54.4	54.2	53.0	51.5
A.16	49.6	46.4	46.7	45.3	44.9	44.6	45.1	42.8	43.0	43.2	45.3	44.4	43.2	43.4	42.8	0	41.2	40.7	41.6	44.0	43.5	44.0	44.7	45.2	45.3	45.2	46.4	45.3	45.4	45.7	44.9	46.9	52.3	53.6	52.9	54.5	53.5	52.1	52.3
A.17	51.3	48.8	48.1	46.9	47.1	45.2	45.8	44.2	43.1	43.3	46.8	45.3	43.9	44.5	42.7	41.2	0	38.6	39.2	41.0	41.2	41.9	42.2	42.9	43.4	43.2	44.4	42.8	42.3	43.5	43.5	45.9	53.2	54.2	54.3	54.9	54.2	52.3	53.0
A.20	53.5	50.4	50.1	48.6	48.4	46.4	46.9	44.3	43.6	43.0	48.0	46.8	44.6	44.7	44.0	40.7	38.6	0	35.6	37.5	38.0	39.1	39.1	40.4	40.9	40.7	42.4	40.4	39.6	41.7	41.5	45.1	53.1	55.1	55.0	54.8	52.8	51.0	54.4
A.21	53.4	51.0	50.7	48.8	49.0	47.2	47.6	44.8	44.2	44.4	48.6	47.7	45.4	45.6	44.2	41.6	39.2	35.6	0	37.2	38.1	38.3	39.6	39.9	40.3	40.4	41.8	40.1	39.5	41.0	40.8	45.1	53.5	55.6	55.1	54.8	53.0	51.2	54.2
A.23	55.1	53.4	53.0	51.3	51.7	50.2	50.1	47.4	46.8	46.3	51.3	49.9	47.7	47.8	46.4	44.0	41.0	37.5	37.2	0	34.5	35.4	35.8	36.4	36.6	37.1	39.2	36.5	36.6	38.1	38.3	44.7	53.5	54.9	54.8	53.8	52.1	49.6	53.6
A.24	54.0	52.4	52.2	51.1	51.2	49.6	49.7	47.0	47.0	46.1	50.6	49.6	47.7	47.6	46.2	43.5	41.2	38.0	38.1	34.5	0	34.4	35.4	35.8	36.2	36.0	38.1	36.4	36.6	37.2	38.1	45.0	52.8	54.8	54.3	54.3	52.8	50.2	53.0
A.25	54.2	52.6	52.4	50.9	51.3	49.6	49.7	47.4	47.1	46.6	50.5	49.7	47.9	47.7	46.9	44.0	41.9	39.1	38.3	35.4	34.4	0	35.0	35.3	36.2	36.2	37.8	35.9	36.8	37.1	38.2	45.2	53.0	55.0	54.5	54.0	53.2	50.1	52.7
A.26	53.6	52.5	52.3	51.2	51.5	49.4	49.7	47.6	47.1	46.9	50.7	49.5	48.3	48.1	47.3	44.7	42.2	39.1	39.6	35.8	35.4	35.0	0	34.6	35.0	35.1	36.2	35.3	35.3	36.0	37.6	45.7	53.4	55.7	55.2	54.8	53.9	50.2	52.8
A.27	53.9	52.6	52.8	51.6	51.6	50.1	50.5	48.0	48.0	47.2	50.8	50.2	48.9	48.7	47.7	45.2	42.9	40.4	39.9	36.4	35.8	35.3	34.6	0	34.2	35.6	36.2	35.1	36.5	36.4	37.5	46.3	53.1	55.4	54.9	54.7	53.6	50.6	52.9
A.29	54.1	52.5	52.1	51.6	51.4	50.0	50.6	48.1	48.4	47.5	51.3	50.3	49.3	48.4	47.7	45.3	43.4	40.9	40.3	36.6	36.2	36.2	35.0	34.2	0	34.6	34.8	35.0	35.7	35.6	36.9	46.4	53.5	55.6	54.8	54.8	53.9	50.3	52.3
A.30	52.9	52.1	52.0	51.0	51.3	50.0	50.1	47.9	47.4	47.4	50.5	49.9	48.1	48.4	47.2	45.2	43.2	40.7	40.4	37.1	36.0	36.2	35.1	35.6	34.6	0	35.8	35.9	35.7	35.9	36.7	45.7	53.0	54.9	54.2	54.6	53.8	50.7	52.3
A.32	53.1	52.4	52.1	51.3	51.6	50.2	51.1	49.1	48.9	47.9	51.1	50.2	49.6	49.3	48.6	46.4	44.4	42.4	41.8	39.2	38.1	37.8	36.2	36.2	34.8	35.8	0	36.5	37.0	36.2	37.7	47.0	53.5	55.1	55.0	55.3	54.9	51.3	52.4
A.28	53.1	52.3	52.3	51.3	51.2	50.2	50.8	47.9	47.3	47.1	51.0	50.0	48.6	48.5	47.6	45.3	42.8	40.4	40.1	36.5	36.4	35.9	35.3	35.1	35.0	35.9	36.5	0	35.9	36.6	37.7	46.3	53.4	55.5	54.9	54.7	53.9	50.7	52.6
BS.2	54.4	52.7	52.6	51.3	51.2	50.2	50.4	47.9	47.6	47.1	51.0	50.1	48.4	48.5	47.3	45.4	42.3	39.6	39.5	36.6	36.6	36.8	35.3	36.5	35.7	35.7	37.0	35.9	0	35.7	37.4	45.3	53.1	55.3	54.7	54.1	52.7	49.8	52.8
C3.2	53.0	52.6	52.4	51.6	51.7	50.3	50.7	48.7	48.2	47.5	51.0	49.9	49.3	48.5	47.8	45.7	43.5	41.7	41.0	38.1	37.2	37.1	36.0	36.4	35.6	35.9	36.2	36.6	35.7	0	37.3	45.9	52.5	54.5	53.9	53.8	53.3	49.5	51.5
A.34	53.2	52.2	51.7	50.6	50.4	49.2	49.9	47.8	47.6	47.1	50.2	49.5	48.0	48.1	47.1	44.9	43.5	41.5	40.8	38.3	38.1	38.2	37.6	37.5	36.9	36.7	37.7	37.7	37.4	37.3	0	46.4	53.0	55.0	54.6	54.9	54.0	51.2	52.6
T.1	53.0	52.2	52.2	50.6	50.4	50.8	50.3	48.4	48.1	48.7	50.0	49.6	48.9	48.5	48.4	46.9	45.9	45.1	45.1	44.7	45.0	45.2	45.7	46.3	46.4	45.7	47.0	46.3	45.3	45.9	46.4	0	45.7	48.9	48.7	49.5	50.5	45.3	46.0
G.1	52.7	52.0	52.7	51.9	52.2	52.6	52.5	51.6	52.4	52.9	51.9	52.4	52.5	51.9	52.3	52.3	53.2	53.1	53.5	53.5	52.8	53.0	53.4	53.1	53.5	53.0	53.5	53.4	53.1	52.5	53.0	45.7	0	40.1	40.1	41.2	46.6	40.6	41.7
G.3	52.5	52.6	53.5	53.1	52.9	53.3	53.1	53.2	53.5	54.0	53.0	53.4	53.5	53.0	53.5	53.6	54.2	55.1	55.6	54.9	54.8	55.0	55.7	55.4	55.6	54.9	55.1	55.5	55.3	54.5	55.0	48.9	40.1	0	38.5	41.1	44.7	44.2	44.6
G.4	52.3	52.2	52.1	52.5	51.9	53.2	52.2	52.7	52.7	53.4	51.7	52.7	52.8	52.1	52.9	52.9	54.3	55.0	55.1	54.8	54.3	54.5	55.2	54.9	54.8	54.2	55.0	54.9	54.7	53.9	54.6	48.7	40.1	38.5	0	40.6	43.7	43.8	45.0
G.2	54.9	55.1	55.3	54.6	54.3	55.5	54.4	54.3	54.6	55.1	54.2	54.7	54.9	54.3	54.4	54.5	54.9	54.8	54.8	53.8	54.3	54.0	54.8	54.7	54.8	54.6	55.3	54.7	54.1	53.8	54.9	49.5	41.2	41.1	40.6	0	37.9	40.3	46.2
G.5	56.3	56.1	56.0	55.5	54.3	55.3	54.5	54.1	54.0	54.8	54.4	55.0	54.8	54.3	54.2	53.5	54.2	52.8	53.0	52.1	52.8	53.2	53.9	53.6	53.9	53.8	54.9	53.9	52.7	53.3	54.0	50.5	46.6	44.7	43.7	37.9	0	44.7	50.4
GR.01	55.1	55.0	54.9	54.0	53.9	54.0	53.3	52.3	52.3	53.1	53.8	54.0	52.8	52.6	53.0	52.1	52.3	51.0	51.2	49.6	50.2	50.1	50.2	50.6	50.3	50.7	51.3	50.7	49.8	49.5	51.2	45.3	40.6	44.2	43.8	40.3	44.7	0	43.7
LW.1	49.3	51.0	50.7	50.9	50.8	52.0	51.8	51.8	51.9	52.9	50.9	51.2	52.4	51.4	51.5	52.3	53.0	54.4	54.2	53.6	53.0	52.7	52.8	52.9	52.3	52.3	52.4	52.6	52.8	51.5	52.6	46.0	41.7	44.6	45.0	46.2	50.4	43.7	0
