jaccard_binary	A.0	A.1	A.3	A.6	A.4	A.2	A.11	A.5	A.7	A.12	A.14	A.9	A.13	A.15	A.8	A.16	G.1	G.3	G.4	LW.1	G.2	G.5	GR.01	A.17	A.20	A.21	A.23	A.24	A.25	A.26	A.27	A.29	A.32	A.30	A.28	C3.2	A.34	BS.2	T.1
A.0	0	0.394	0.403	0.423	0.429	0.448	0.456	0.454	0.461	0.489	0.490	0.513	0.507	0.506	0.511	0.543	0.580	0.568	0.560	0.510	0.639	0.691	0.663	0.588	0.652	0.655	0.699	0.666	0.664	0.648	0.651	0.653	0.624	0.630	0.637	0.635	0.633	0.669	0.628
A.1	0.394	0	0.365	0.398	0.391	0.413	0.409	0.417	0.424	0.442	0.446	0.452	0.454	0.465	0.466	0.504	0.583	0.581	0.570	0.548	0.657	0.704	0.677	0.562	0.615	0.630	0.688	0.654	0.653	0.646	0.646	0.642	0.626	0.631	0.639	0.644	0.632	0.658	0.631
A.3	0.403	0.365	0	0.387	0.389	0.403	0.416	0.422	0.426	0.440	0.447	0.457	0.459	0.470	0.468	0.513	0.598	0.599	0.572	0.548	0.666	0.708	0.680	0.556	0.617	0.630	0.686	0.657	0.655	0.648	0.654	0.641	0.627	0.634	0.645	0.645	0.629	0.662	0.635
A.6	0.423	0.398	0.387	0	0.409	0.421	0.420	0.428	0.426	0.438	0.446	0.459	0.473	0.473	0.467	0.505	0.602	0.609	0.593	0.566	0.672	0.719	0.684	0.551	0.608	0.616	0.679	0.658	0.649	0.649	0.652	0.651	0.631	0.635	0.646	0.652	0.628	0.659	0.627
A.4	0.429	0.391	0.389	0.409	0	0.420	0.420	0.423	0.434	0.453	0.455	0.463	0.470	0.473	0.473	0.500	0.607	0.606	0.586	0.566	0.669	0.701	0.685	0.556	0.607	0.622	0.687	0.662	0.658	0.654	0.654	0.650	0.637	0.643	0.646	0.654	0.626	0.659	0.625
A.2	0.448	0.413	0.403	0.421	0.420	0	0.432	0.442	0.432	0.455	0.464	0.459	0.472	0.483	0.470	0.511	0.608	0.615	0.588	0.572	0.673	0.710	0.689	0.556	0.607	0.622	0.688	0.658	0.651	0.648	0.648	0.655	0.635	0.635	0.648	0.650	0.630	0.662	0.624
A.11	0.456	0.409	0.416	0.420	0.420	0.432	0	0.440	0.429	0.447	0.450	0.448	0.467	0.461	0.466	0.505	0.627	0.625	0.619	0.597	0.701	0.734	0.700	0.536	0.586	0.604	0.676	0.649	0.643	0.633	0.643	0.640	0.627	0.634	0.643	0.645	0.620	0.655	0.646
A.5	0.454	0.417	0.422	0.428	0.423	0.442	0.440	0	0.452	0.462	0.449	0.463	0.477	0.483	0.471	0.503	0.624	0.628	0.611	0.585	0.691	0.730	0.702	0.538	0.595	0.616	0.672	0.650	0.647	0.637	0.647	0.647	0.630	0.634	0.641	0.640	0.626	0.656	0.627
A.7	0.461	0.424	0.426	0.426	0.434	0.432	0.429	0.452	0	0.459	0.468	0.466	0.464	0.485	0.467	0.517	0.628	0.626	0.605	0.596	0.688	0.724	0.693	0.550	0.598	0.615	0.679	0.654	0.649	0.643	0.654	0.655	0.648	0.640	0.657	0.656	0.636	0.664	0.641
A.12	0.489	0.442	0.440	0.438	0.453	0.455	0.447	0.462	0.459	0	0.468	0.477	0.483	0.479	0.471	0.504	0.634	0.640	0.619	0.604	0.705	0.741	0.701	0.544	0.577	0.598	0.658	0.636	0.633	0.632	0.641	0.634	0.634	0.629	0.635	0.636	0.622	0.650	0.629
A.14	0.490	0.446	0.447	0.446	0.455	0.464	0.450	0.449	0.468	0.468	0	0.468	0.476	0.477	0.478	0.499	0.643	0.646	0.628	0.619	0.713	0.748	0.703	0.531	0.573	0.592	0.653	0.637	0.635	0.634	0.644	0.648	0.637	0.622	0.636	0.648	0.619	0.647	0.633
A.9	0.513	0.452	0.457	0.459	0.463	0.459	0.448	0.463	0.466	0.477	0.468	0	0.474	0.482	0.485	0.500	0.638	0.652	0.637	0.619	0.714	0.748	0.705	0.545	0.580	0.594	0.661	0.635	0.636	0.634	0.639	0.639	0.639	0.630	0.635	0.649	0.627	0.649	0.636
A.13	0.507	0.454	0.459	0.473	0.470	0.472	0.467	0.477	0.464	0.483	0.476	0.474	0	0.471	0.494	0.505	0.654	0.658	0.639	0.622	0.722	0.749	0.708	0.529	0.569	0.585	0.654	0.638	0.635	0.628	0.641	0.647	0.639	0.622	0.627	0.644	0.626	0.647	0.634
A.15	0.506	0.465	0.470	0.473	0.473	0.483	0.461	0.483	0.485	0.479	0.477	0.482	0.471	0	0.489	0.509	0.662	0.667	0.650	0.640	0.730	0.762	0.721	0.531	0.556	0.588	0.643	0.621	0.625	0.623	0.627	0.631	0.620	0.622	0.622	0.629	0.617	0.636	0.643
A.8	0.511	0.466	0.468	0.467	0.473	0.470	0.466	0.471	0.467	0.471	0.478	0.485	0.494	0.489	0	0.504	0.654	0.661	0.645	0.618	0.720	0.755	0.723	0.524	0.579	0.588	0.647	0.626	0.633	0.633	0.640	0.637	0.635	0.622	0.634	0.639	0.619	0.643	0.642
A.16	0.543	0.504	0.513	0.505	0.500	0.511	0.505	0.503	0.517	0.504	0.499	0.500	0.505	0.509	0.504	0	0.676	0.683	0.665	0.651	0.747	0.769	0.732	0.516	0.538	0.560	0.629	0.598	0.602	0.609	0.616	0.615	0.618	0.607	0.615	0.623	0.601	0.633	0.637
G.1	0.580	0.583	0.598	0.602	0.607	0.608	0.627	0.624	0.628	0.634	0.643	0.638	0.654	0.662	0.654	0.676	0	0.438	0.434	0.458	0.493	0.625	0.504	0.717	0.752	0.764	0.786	0.754	0.750	0.750	0.743	0.747	0.729	0.731	0.745	0.729	0.730	0.755	0.598
G.3	0.568	0.581	0.599	0.609	0.606	0.615	0.625	0.628	0.626	0.640	0.646	0.652	0.658	0.667	0.661	0.683	0.438	0	0.396	0.496	0.480	0.576	0.557	0.717	0.769	0.782	0.793	0.771	0.768	0.771	0.765	0.765	0.739	0.749	0.765	0.747	0.749	0.776	0.641
G.4	0.560	0.570	0.572	0.593	0.586	0.588	0.619	0.611	0.605	0.619	0.628	0.637	0.639	0.650	0.645	0.665	0.434	0.396	0	0.498	0.464	0.551	0.542	0.711	0.758	0.766	0.781	0.753	0.752	0.755	0.749	0.745	0.729	0.729	0.746	0.729	0.733	0.756	0.629
LW.1	0.510	0.548	0.548	0.566	0.566	0.572	0.597	0.585	0.596	0.604	0.619	0.619	0.622	0.640	0.618	0.651	0.458	0.496	0.498	0	0.561	0.667	0.537	0.686	0.744	0.747	0.757	0.727	0.716	0.710	0.711	0.699	0.682	0.692	0.703	0.685	0.696	0.721	0.579
G.2	0.639	0.657	0.666	0.672	0.669	0.673	0.701	0.691	0.688	0.705	0.713	0.714	0.722	0.730	0.720	0.747	0.493	0.480	0.464	0.561	0	0.493	0.529	0.783	0.822	0.827	0.835	0.820	0.808	0.813	0.810	0.808	0.796	0.797	0.806	0.791	0.801	0.812	0.702
G.5	0.691	0.704	0.708	0.719	0.701	0.710	0.734	0.730	0.724	0.741	0.748	0.748	0.749	0.762	0.755	0.769	0.625	0.576	0.551	0.667	0.493	0	0.654	0.812	0.834	0.844	0.856	0.842	0.842	0.845	0.836	0.838	0.834	0.830	0.838	0.827	0.831	0.836	0.765
GR.01	0.663	0.677	0.680	0.684	0.685	0.689	0.700	0.702	0.693	0.701	0.703	0.705	0.708	0.721	0.723	0.732	0.504	0.557	0.542	0.537	0.529	0.654	0	0.765	0.784	0.794	0.792	0.777	0.769	0.761	0.766	0.758	0.754	0.759	0.766	0.743	0.766	0.767	0.652
A.17	0.588	0.562	0.556	0.551	0.556	0.556	0.536	0.538	0.550	0.544	0.531	0.545	0.529	0.531	0.524	0.516	0.717	0.717	0.711	0.686	0.783	0.812	0.765	0	0.524	0.540	0.599	0.582	0.591	0.588	0.599	0.607	0.607	0.597	0.594	0.609	0.601	0.601	0.647
A.20	0.652	0.615	0.617	0.608	0.607	0.607	0.586	0.595	0.598	0.577	0.573	0.580	0.569	0.556	0.579	0.538	0.752	0.769	0.758	0.744	0.822	0.834	0.784	0.524	0	0.504	0.568	0.555	0.573	0.565	0.589	0.597	0.607	0.586	0.586	0.613	0.600	0.587	0.671
A.21	0.655	0.630	0.630	0.616	0.622	0.622	0.604	0.616	0.615	0.598	0.592	0.594	0.585	0.588	0.588	0.560	0.764	0.782	0.766	0.747	0.827	0.844	0.794	0.540	0.504	0	0.566	0.565	0.562	0.581	0.585	0.590	0.601	0.586	0.585	0.604	0.592	0.591	0.677
A.23	0.699	0.688	0.686	0.679	0.687	0.688	0.676	0.672	0.679	0.658	0.653	0.661	0.654	0.643	0.647	0.629	0.786	0.793	0.781	0.757	0.835	0.856	0.792	0.599	0.568	0.566	0	0.509	0.524	0.523	0.533	0.535	0.568	0.538	0.532	0.567	0.563	0.552	0.694
A.24	0.666	0.654	0.657	0.658	0.662	0.658	0.649	0.650	0.654	0.636	0.637	0.635	0.638	0.621	0.626	0.598	0.754	0.771	0.753	0.727	0.820	0.842	0.777	0.582	0.555	0.565	0.509	0	0.480	0.494	0.501	0.506	0.527	0.495	0.510	0.527	0.539	0.529	0.677
A.25	0.664	0.653	0.655	0.649	0.658	0.651	0.643	0.647	0.649	0.633	0.635	0.636	0.635	0.625	0.633	0.602	0.750	0.768	0.752	0.716	0.808	0.842	0.769	0.591	0.573	0.562	0.524	0.480	0	0.479	0.485	0.502	0.515	0.494	0.494	0.519	0.534	0.528	0.674
A.26	0.648	0.646	0.648	0.649	0.654	0.648	0.633	0.637	0.643	0.632	0.634	0.634	0.628	0.623	0.633	0.609	0.750	0.771	0.755	0.710	0.813	0.845	0.761	0.588	0.565	0.581	0.523	0.494	0.479	0	0.463	0.469	0.476	0.464	0.474	0.489	0.515	0.488	0.674
A.27	0.651	0.646	0.654	0.652	0.654	0.648	0.643	0.647	0.654	0.641	0.644	0.639	0.641	0.627	0.640	0.616	0.743	0.765	0.749	0.711	0.810	0.836	0.766	0.599	0.589	0.585	0.533	0.501	0.485	0.463	0	0.450	0.474	0.472	0.468	0.495	0.511	0.512	0.685
A.29	0.653	0.642	0.641	0.651	0.650	0.655	0.640	0.647	0.655	0.634	0.648	0.639	0.647	0.631	0.637	0.615	0.747	0.765	0.745	0.699	0.808	0.838	0.758	0.607	0.597	0.590	0.535	0.506	0.502	0.469	0.450	0	0.444	0.451	0.465	0.476	0.497	0.493	0.684
A.32	0.624	0.626	0.627	0.631	0.637	0.635	0.627	0.630	0.648	0.634	0.637	0.639	0.639	0.620	0.635	0.618	0.729	0.739	0.729	0.682	0.796	0.834	0.754	0.607	0.607	0.601	0.568	0.527	0.515	0.476	0.474	0.444	0	0.458	0.477	0.472	0.494	0.501	0.674
A.30	0.630	0.631	0.634	0.635	0.643	0.635	0.634	0.634	0.640	0.629	0.622	0.630	0.622	0.622	0.622	0.607	0.731	0.749	0.729	0.692	0.797	0.830	0.759	0.597	0.586	0.586	0.538	0.495	0.494	0.464	0.472	0.451	0.458	0	0.476	0.477	0.486	0.487	0.662
A.28	0.637	0.639	0.645	0.646	0.646	0.648	0.643	0.641	0.657	0.635	0.636	0.635	0.627	0.622	0.634	0.615	0.745	0.765	0.746	0.703	0.806	0.838	0.766	0.594	0.586	0.585	0.532	0.510	0.494	0.474	0.468	0.465	0.477	0.476	0	0.496	0.512	0.497	0.682
C3.2	0.635	0.644	0.645	0.652	0.654	0.650	0.645	0.640	0.656	0.636	0.648	0.649	0.644	0.629	0.639	0.623	0.729	0.747	0.729	0.685	0.791	0.827	0.743	0.609	0.613	0.604	0.567	0.527	0.519	0.489	0.495	0.476	0.472	0.477	0.496	0	0.504	0.492	0.674
A.34	0.633	0.632	0.629	0.628	0.626	0.630	0.620	0.626	0.636	0.622	0.619	0.627	0.626	0.617	0.619	0.601	0.730	0.749	0.733	0.696	0.801	0.831	0.766	0.601	0.600	0.592	0.563	0.539	0.534	0.515	0.511	0.497	0.494	0.486	0.512	0.504	0	0.521	0.676
BS.2	0.669	0.658	0.662	0.659	0.659	0.662	0.655	0.656	0.664	0.650	0.647	0.649	0.647	0.636	0.643	0.633	0.755	0.776	0.756	0.721	0.812	0.836	0.767	0.601	0.587	0.591	0.552	0.529	0.528	0.488	0.512	0.493	0.501	0.487	0.497	0.492	0.521	0	0.679
T.1	0.628	0.631	0.635	0.627	0.625	0.624	0.646	0.627	0.641	0.629	0.633	0.636	0.634	0.643	0.642	0.637	0.598	0.641	0.629	0.579	0.702	0.765	0.652	0.647	0.671	0.677	0.694	0.677	0.674	0.674	0.685	0.684	0.674	0.662	0.682	0.674	0.676	0.679	0
