unifrac_binary	A.0	A.1	A.3	A.4	A.6	A.2	A.5	A.11	A.7	A.12	A.14	A.13	A.9	A.8	A.15	A.16	A.17	A.20	A.21	A.23	A.24	A.25	A.26	A.27	A.28	A.29	A.30	A.32	C3.2	A.34	BS.2	G.1	G.4	G.3	LW.1	G.2	G.5	GR.01	T.1
A.0	0	0.141	0.144	0.163	0.152	0.171	0.162	0.184	0.180	0.194	0.199	0.212	0.200	0.201	0.200	0.235	0.272	0.367	0.361	0.371	0.345	0.350	0.342	0.336	0.325	0.329	0.324	0.302	0.317	0.291	0.353	0.233	0.226	0.235	0.203	0.288	0.329	0.298	0.256
A.1	0.141	0	0.0863	0.0989	0.106	0.110	0.111	0.114	0.113	0.134	0.138	0.148	0.133	0.146	0.149	0.182	0.225	0.316	0.313	0.350	0.325	0.328	0.323	0.323	0.318	0.320	0.310	0.302	0.314	0.281	0.330	0.242	0.231	0.245	0.229	0.306	0.337	0.300	0.257
A.3	0.144	0.0863	0	0.0957	0.0994	0.105	0.114	0.117	0.111	0.133	0.139	0.153	0.138	0.150	0.154	0.190	0.236	0.321	0.317	0.353	0.330	0.335	0.329	0.330	0.323	0.324	0.315	0.304	0.315	0.283	0.332	0.236	0.226	0.249	0.226	0.303	0.335	0.298	0.252
A.4	0.163	0.0989	0.0957	0	0.0956	0.104	0.105	0.109	0.114	0.125	0.136	0.146	0.131	0.142	0.145	0.177	0.224	0.305	0.307	0.343	0.322	0.326	0.320	0.324	0.316	0.321	0.309	0.302	0.313	0.278	0.322	0.247	0.236	0.260	0.239	0.308	0.339	0.305	0.250
A.6	0.152	0.106	0.0994	0.0956	0	0.103	0.104	0.106	0.108	0.121	0.130	0.142	0.127	0.130	0.138	0.172	0.217	0.301	0.303	0.339	0.316	0.324	0.315	0.322	0.312	0.320	0.306	0.302	0.309	0.276	0.326	0.241	0.234	0.258	0.233	0.306	0.340	0.297	0.237
A.2	0.171	0.110	0.105	0.104	0.103	0	0.115	0.116	0.109	0.132	0.136	0.147	0.129	0.139	0.144	0.181	0.225	0.307	0.310	0.345	0.323	0.330	0.327	0.325	0.319	0.322	0.311	0.305	0.313	0.282	0.330	0.247	0.233	0.258	0.234	0.309	0.339	0.302	0.244
A.5	0.162	0.111	0.114	0.105	0.104	0.115	0	0.111	0.113	0.116	0.115	0.139	0.125	0.129	0.133	0.160	0.204	0.285	0.290	0.323	0.305	0.309	0.302	0.307	0.307	0.305	0.297	0.294	0.297	0.268	0.312	0.262	0.247	0.271	0.245	0.326	0.360	0.311	0.238
A.11	0.184	0.114	0.117	0.109	0.106	0.116	0.111	0	0.102	0.118	0.120	0.135	0.117	0.129	0.133	0.162	0.207	0.280	0.285	0.326	0.306	0.310	0.305	0.311	0.305	0.313	0.297	0.297	0.302	0.266	0.311	0.263	0.253	0.273	0.254	0.326	0.361	0.310	0.254
A.7	0.180	0.113	0.111	0.114	0.108	0.109	0.113	0.102	0	0.119	0.124	0.130	0.123	0.128	0.139	0.167	0.213	0.293	0.293	0.336	0.316	0.323	0.318	0.322	0.319	0.321	0.308	0.309	0.318	0.278	0.327	0.257	0.250	0.266	0.255	0.321	0.354	0.305	0.246
A.12	0.194	0.134	0.133	0.125	0.121	0.132	0.116	0.118	0.119	0	0.114	0.123	0.115	0.118	0.123	0.145	0.189	0.262	0.268	0.307	0.288	0.299	0.295	0.301	0.292	0.298	0.291	0.290	0.295	0.262	0.300	0.272	0.265	0.289	0.262	0.340	0.374	0.318	0.233
A.14	0.199	0.138	0.139	0.136	0.130	0.136	0.115	0.120	0.124	0.114	0	0.121	0.117	0.116	0.117	0.148	0.184	0.260	0.264	0.303	0.285	0.292	0.286	0.296	0.290	0.297	0.283	0.291	0.295	0.262	0.296	0.284	0.273	0.302	0.277	0.349	0.380	0.321	0.244
A.13	0.212	0.148	0.153	0.146	0.142	0.147	0.139	0.135	0.130	0.123	0.121	0	0.112	0.122	0.122	0.136	0.177	0.238	0.249	0.290	0.278	0.285	0.279	0.289	0.281	0.286	0.275	0.286	0.290	0.256	0.287	0.293	0.290	0.311	0.289	0.360	0.388	0.328	0.244
A.9	0.200	0.133	0.138	0.131	0.127	0.129	0.125	0.117	0.123	0.115	0.117	0.112	0	0.113	0.114	0.142	0.182	0.256	0.261	0.310	0.292	0.293	0.293	0.298	0.293	0.296	0.286	0.290	0.295	0.264	0.295	0.278	0.275	0.301	0.272	0.348	0.377	0.321	0.242
A.8	0.201	0.146	0.150	0.142	0.130	0.139	0.129	0.129	0.128	0.118	0.116	0.122	0.113	0	0.121	0.136	0.182	0.248	0.254	0.296	0.281	0.288	0.284	0.292	0.287	0.286	0.278	0.280	0.289	0.250	0.291	0.281	0.281	0.307	0.273	0.351	0.385	0.323	0.236
A.15	0.200	0.149	0.154	0.145	0.138	0.144	0.133	0.133	0.139	0.123	0.117	0.122	0.114	0.121	0	0.138	0.169	0.242	0.248	0.293	0.276	0.281	0.278	0.287	0.282	0.288	0.280	0.281	0.286	0.254	0.286	0.287	0.279	0.307	0.279	0.358	0.391	0.328	0.244
A.16	0.235	0.182	0.190	0.177	0.172	0.181	0.160	0.162	0.167	0.145	0.148	0.136	0.142	0.136	0.138	0	0.144	0.213	0.215	0.258	0.244	0.249	0.247	0.261	0.261	0.261	0.252	0.258	0.265	0.231	0.257	0.312	0.313	0.336	0.298	0.383	0.415	0.341	0.237
A.17	0.272	0.225	0.236	0.224	0.217	0.225	0.204	0.207	0.213	0.189	0.184	0.177	0.182	0.182	0.169	0.144	0	0.176	0.179	0.228	0.210	0.214	0.227	0.230	0.230	0.237	0.225	0.238	0.235	0.217	0.232	0.352	0.355	0.380	0.339	0.428	0.455	0.364	0.243
A.20	0.367	0.316	0.321	0.305	0.301	0.307	0.285	0.280	0.293	0.262	0.260	0.238	0.256	0.248	0.242	0.213	0.176	0	0.134	0.197	0.198	0.205	0.221	0.231	0.235	0.238	0.235	0.270	0.256	0.239	0.224	0.436	0.444	0.470	0.432	0.513	0.535	0.442	0.302
A.21	0.361	0.313	0.317	0.307	0.303	0.310	0.290	0.285	0.293	0.268	0.264	0.249	0.261	0.254	0.248	0.215	0.179	0.134	0	0.202	0.196	0.205	0.221	0.227	0.235	0.237	0.227	0.261	0.236	0.237	0.216	0.443	0.449	0.480	0.432	0.518	0.543	0.446	0.312
A.23	0.371	0.350	0.353	0.343	0.339	0.345	0.323	0.326	0.336	0.307	0.303	0.290	0.310	0.296	0.293	0.258	0.228	0.197	0.202	0	0.138	0.155	0.170	0.166	0.180	0.171	0.175	0.214	0.206	0.203	0.172	0.463	0.469	0.497	0.440	0.529	0.560	0.440	0.336
A.24	0.345	0.325	0.330	0.322	0.316	0.323	0.305	0.306	0.316	0.288	0.285	0.278	0.292	0.281	0.276	0.244	0.210	0.198	0.196	0.138	0	0.126	0.144	0.150	0.152	0.152	0.145	0.181	0.181	0.168	0.157	0.439	0.442	0.466	0.414	0.507	0.541	0.423	0.309
A.25	0.350	0.328	0.335	0.326	0.324	0.330	0.309	0.310	0.323	0.299	0.292	0.285	0.293	0.288	0.281	0.249	0.214	0.205	0.205	0.155	0.126	0	0.138	0.139	0.149	0.151	0.154	0.183	0.168	0.185	0.164	0.435	0.445	0.468	0.415	0.511	0.546	0.423	0.312
A.26	0.342	0.323	0.329	0.320	0.315	0.327	0.302	0.305	0.318	0.295	0.286	0.279	0.293	0.284	0.278	0.247	0.227	0.221	0.221	0.170	0.144	0.138	0	0.125	0.132	0.128	0.137	0.159	0.154	0.173	0.156	0.434	0.439	0.463	0.406	0.506	0.539	0.413	0.312
A.27	0.336	0.323	0.330	0.324	0.322	0.325	0.307	0.311	0.322	0.301	0.296	0.289	0.298	0.292	0.287	0.261	0.230	0.231	0.227	0.166	0.150	0.139	0.125	0	0.116	0.116	0.141	0.146	0.152	0.171	0.160	0.428	0.436	0.461	0.403	0.505	0.531	0.419	0.324
A.28	0.325	0.318	0.323	0.316	0.312	0.319	0.307	0.305	0.319	0.292	0.290	0.281	0.293	0.287	0.282	0.261	0.230	0.235	0.235	0.180	0.152	0.149	0.132	0.116	0	0.120	0.130	0.142	0.157	0.172	0.159	0.417	0.429	0.452	0.388	0.489	0.525	0.403	0.312
A.29	0.329	0.320	0.324	0.321	0.320	0.322	0.305	0.313	0.321	0.298	0.297	0.286	0.296	0.286	0.288	0.261	0.237	0.238	0.237	0.171	0.152	0.151	0.128	0.116	0.120	0	0.121	0.129	0.140	0.154	0.156	0.420	0.425	0.453	0.388	0.496	0.530	0.403	0.311
A.30	0.324	0.310	0.315	0.309	0.306	0.311	0.297	0.297	0.308	0.291	0.283	0.275	0.286	0.278	0.280	0.252	0.225	0.235	0.227	0.175	0.145	0.154	0.137	0.141	0.130	0.121	0	0.133	0.143	0.147	0.152	0.415	0.418	0.448	0.386	0.494	0.530	0.408	0.301
A.32	0.302	0.302	0.304	0.302	0.302	0.305	0.294	0.297	0.309	0.290	0.291	0.286	0.290	0.280	0.281	0.258	0.238	0.270	0.261	0.214	0.181	0.183	0.159	0.146	0.142	0.129	0.133	0	0.145	0.150	0.182	0.389	0.394	0.421	0.356	0.467	0.504	0.386	0.296
C3.2	0.317	0.314	0.315	0.313	0.309	0.313	0.297	0.302	0.318	0.295	0.295	0.290	0.295	0.289	0.286	0.265	0.235	0.256	0.236	0.206	0.181	0.168	0.154	0.152	0.157	0.140	0.143	0.145	0	0.171	0.151	0.396	0.407	0.433	0.362	0.474	0.510	0.384	0.295
A.34	0.291	0.281	0.283	0.278	0.276	0.282	0.268	0.266	0.278	0.262	0.262	0.256	0.264	0.250	0.254	0.231	0.217	0.239	0.237	0.203	0.168	0.185	0.173	0.171	0.172	0.154	0.147	0.150	0.171	0	0.190	0.383	0.388	0.411	0.352	0.459	0.496	0.380	0.284
BS.2	0.353	0.330	0.332	0.322	0.326	0.330	0.312	0.311	0.327	0.300	0.296	0.287	0.295	0.291	0.286	0.257	0.232	0.224	0.216	0.172	0.157	0.164	0.156	0.160	0.159	0.156	0.152	0.182	0.151	0.190	0	0.426	0.434	0.466	0.402	0.502	0.533	0.410	0.312
G.1	0.233	0.242	0.236	0.247	0.241	0.247	0.262	0.263	0.257	0.272	0.284	0.293	0.278	0.281	0.287	0.312	0.352	0.436	0.443	0.463	0.439	0.435	0.434	0.428	0.417	0.420	0.415	0.389	0.396	0.383	0.426	0	0.126	0.147	0.145	0.177	0.251	0.204	0.250
G.4	0.226	0.231	0.226	0.236	0.234	0.233	0.247	0.253	0.250	0.265	0.273	0.290	0.275	0.281	0.279	0.313	0.355	0.444	0.449	0.469	0.442	0.445	0.439	0.436	0.429	0.425	0.418	0.394	0.407	0.388	0.434	0.126	0	0.126	0.159	0.176	0.228	0.232	0.254
G.3	0.235	0.245	0.249	0.260	0.258	0.258	0.271	0.273	0.266	0.289	0.302	0.311	0.301	0.307	0.307	0.336	0.380	0.470	0.480	0.497	0.466	0.468	0.463	0.461	0.452	0.453	0.448	0.421	0.433	0.411	0.466	0.147	0.126	0	0.177	0.182	0.232	0.247	0.283
LW.1	0.203	0.229	0.226	0.239	0.233	0.234	0.245	0.254	0.255	0.262	0.277	0.289	0.272	0.273	0.279	0.298	0.339	0.432	0.432	0.440	0.414	0.415	0.406	0.403	0.388	0.388	0.386	0.356	0.362	0.352	0.402	0.145	0.159	0.177	0	0.207	0.283	0.198	0.229
G.2	0.288	0.306	0.303	0.308	0.306	0.309	0.326	0.326	0.321	0.340	0.349	0.360	0.348	0.351	0.358	0.383	0.428	0.513	0.518	0.529	0.507	0.511	0.506	0.505	0.489	0.496	0.494	0.467	0.474	0.459	0.502	0.177	0.176	0.182	0.207	0	0.171	0.218	0.328
G.5	0.329	0.337	0.335	0.339	0.340	0.339	0.360	0.361	0.354	0.374	0.380	0.388	0.377	0.385	0.391	0.415	0.455	0.535	0.543	0.560	0.541	0.546	0.539	0.531	0.525	0.530	0.530	0.504	0.510	0.496	0.533	0.251	0.228	0.232	0.283	0.171	0	0.286	0.376
GR.01	0.298	0.300	0.298	0.305	0.297	0.302	0.311	0.310	0.305	0.318	0.321	0.328	0.321	0.323	0.328	0.341	0.364	0.442	0.446	0.440	0.423	0.423	0.413	0.419	0.403	0.403	0.408	0.386	0.384	0.380	0.410	0.204	0.232	0.247	0.198	0.218	0.286	0	0.263
T.1	0.256	0.257	0.252	0.250	0.237	0.244	0.238	0.254	0.246	0.233	0.244	0.244	0.242	0.236	0.244	0.237	0.243	0.302	0.312	0.336	0.309	0.312	0.312	0.324	0.312	0.311	0.301	0.296	0.295	0.284	0.312	0.250	0.254	0.283	0.229	0.328	0.376	0.263	0
