unifrac	A.0	A.1	A.11	A.12	A.14	A.13	A.8	A.9	A.3	A.4	A.6	A.7	A.5	A.15	A.16	A.2	A.17	A.20	A.21	G.1	G.3	G.4	LW.1	G.2	T.1	G.5	GR.01	A.23	A.24	A.25	A.26	A.28	A.27	A.29	A.32	A.30	A.34	BS.2	C3.2
A.0	0	0.350	0.449	0.474	0.472	0.494	0.517	0.504	0.372	0.419	0.416	0.468	0.435	0.460	0.497	0.448	0.484	0.532	0.509	0.450	0.444	0.474	0.445	0.491	0.537	0.561	0.564	0.596	0.553	0.547	0.564	0.568	0.581	0.587	0.549	0.569	0.534	0.502	0.511
A.1	0.350	0	0.197	0.232	0.222	0.253	0.289	0.273	0.140	0.184	0.179	0.212	0.224	0.255	0.277	0.227	0.289	0.331	0.367	0.400	0.347	0.367	0.482	0.477	0.426	0.537	0.457	0.535	0.504	0.506	0.528	0.535	0.563	0.565	0.537	0.551	0.498	0.479	0.525
A.11	0.449	0.197	0	0.0765	0.088	0.103	0.148	0.130	0.161	0.121	0.106	0.113	0.151	0.149	0.167	0.174	0.199	0.205	0.261	0.445	0.354	0.378	0.542	0.534	0.390	0.518	0.445	0.471	0.466	0.481	0.516	0.524	0.566	0.533	0.521	0.548	0.463	0.495	0.556
A.12	0.474	0.232	0.0765	0	0.0564	0.0645	0.133	0.115	0.194	0.139	0.118	0.124	0.152	0.125	0.139	0.206	0.166	0.177	0.238	0.470	0.386	0.404	0.565	0.559	0.371	0.548	0.459	0.441	0.470	0.479	0.512	0.526	0.560	0.531	0.517	0.547	0.470	0.491	0.551
A.14	0.472	0.222	0.088	0.0564	0	0.0658	0.144	0.130	0.191	0.152	0.126	0.132	0.162	0.114	0.134	0.207	0.158	0.181	0.243	0.477	0.394	0.412	0.561	0.559	0.389	0.551	0.466	0.431	0.469	0.475	0.506	0.523	0.553	0.532	0.515	0.543	0.470	0.484	0.544
A.13	0.494	0.253	0.103	0.0645	0.0658	0	0.114	0.0995	0.192	0.131	0.133	0.126	0.145	0.112	0.110	0.190	0.164	0.159	0.224	0.493	0.412	0.429	0.576	0.574	0.392	0.531	0.482	0.436	0.470	0.483	0.519	0.534	0.567	0.532	0.529	0.554	0.454	0.499	0.558
A.8	0.517	0.289	0.148	0.133	0.144	0.114	0	0.0544	0.218	0.156	0.152	0.117	0.129	0.187	0.153	0.175	0.238	0.191	0.231	0.501	0.426	0.441	0.572	0.576	0.345	0.504	0.488	0.482	0.486	0.504	0.539	0.546	0.581	0.547	0.542	0.562	0.461	0.514	0.570
A.9	0.504	0.273	0.130	0.115	0.130	0.0995	0.0544	0	0.206	0.141	0.139	0.107	0.116	0.172	0.147	0.170	0.232	0.186	0.229	0.494	0.414	0.432	0.574	0.574	0.357	0.498	0.487	0.482	0.489	0.504	0.539	0.548	0.580	0.546	0.543	0.569	0.467	0.514	0.572
A.3	0.372	0.140	0.161	0.194	0.191	0.192	0.218	0.206	0	0.0992	0.119	0.157	0.142	0.209	0.223	0.147	0.273	0.279	0.311	0.410	0.324	0.344	0.484	0.471	0.451	0.452	0.425	0.502	0.446	0.451	0.487	0.497	0.527	0.497	0.484	0.519	0.416	0.466	0.521
A.4	0.419	0.184	0.121	0.139	0.152	0.131	0.156	0.141	0.0992	0	0.0758	0.107	0.0891	0.196	0.199	0.129	0.259	0.249	0.297	0.429	0.345	0.358	0.514	0.501	0.407	0.463	0.440	0.517	0.469	0.478	0.515	0.520	0.553	0.520	0.509	0.543	0.435	0.485	0.544
A.6	0.416	0.179	0.106	0.118	0.126	0.133	0.152	0.139	0.119	0.0758	0	0.0815	0.0895	0.187	0.202	0.156	0.236	0.254	0.305	0.434	0.352	0.366	0.508	0.504	0.376	0.492	0.438	0.502	0.461	0.470	0.506	0.515	0.545	0.514	0.503	0.536	0.448	0.480	0.536
A.7	0.468	0.212	0.113	0.124	0.132	0.126	0.117	0.107	0.157	0.107	0.0815	0	0.109	0.198	0.212	0.164	0.245	0.251	0.307	0.453	0.369	0.385	0.535	0.531	0.352	0.510	0.455	0.512	0.476	0.490	0.529	0.534	0.572	0.535	0.527	0.556	0.464	0.510	0.566
A.5	0.435	0.224	0.151	0.152	0.162	0.145	0.129	0.116	0.142	0.0891	0.0895	0.109	0	0.195	0.193	0.150	0.265	0.257	0.300	0.464	0.377	0.393	0.522	0.529	0.379	0.480	0.464	0.510	0.472	0.483	0.517	0.526	0.555	0.522	0.513	0.547	0.440	0.480	0.547
A.15	0.460	0.255	0.149	0.125	0.114	0.112	0.187	0.172	0.209	0.196	0.187	0.198	0.195	0	0.0855	0.221	0.132	0.175	0.225	0.525	0.437	0.459	0.591	0.585	0.433	0.536	0.506	0.402	0.455	0.462	0.501	0.521	0.550	0.526	0.515	0.547	0.449	0.476	0.541
A.16	0.497	0.277	0.167	0.139	0.134	0.110	0.153	0.147	0.223	0.199	0.202	0.212	0.193	0.0855	0	0.188	0.142	0.154	0.206	0.540	0.457	0.476	0.596	0.594	0.445	0.505	0.520	0.394	0.453	0.465	0.506	0.519	0.554	0.525	0.516	0.546	0.439	0.485	0.547
A.2	0.448	0.227	0.174	0.206	0.207	0.190	0.175	0.170	0.147	0.129	0.156	0.164	0.150	0.221	0.188	0	0.291	0.260	0.263	0.466	0.384	0.402	0.526	0.513	0.453	0.446	0.485	0.516	0.478	0.490	0.527	0.531	0.570	0.536	0.527	0.559	0.451	0.509	0.562
A.17	0.484	0.289	0.199	0.166	0.158	0.164	0.238	0.232	0.273	0.259	0.236	0.245	0.265	0.132	0.142	0.291	0	0.164	0.216	0.527	0.439	0.468	0.599	0.602	0.428	0.585	0.488	0.369	0.425	0.438	0.474	0.487	0.524	0.503	0.483	0.507	0.438	0.454	0.513
A.20	0.532	0.331	0.205	0.177	0.181	0.159	0.191	0.186	0.279	0.249	0.254	0.251	0.257	0.175	0.154	0.260	0.164	0	0.111	0.539	0.456	0.480	0.645	0.635	0.423	0.571	0.488	0.424	0.446	0.468	0.510	0.522	0.558	0.518	0.513	0.532	0.430	0.479	0.542
A.21	0.509	0.367	0.261	0.238	0.243	0.224	0.231	0.229	0.311	0.297	0.305	0.307	0.300	0.225	0.206	0.263	0.216	0.111	0	0.557	0.487	0.506	0.656	0.647	0.467	0.557	0.517	0.411	0.423	0.441	0.485	0.500	0.531	0.499	0.487	0.510	0.423	0.455	0.511
G.1	0.450	0.400	0.445	0.470	0.477	0.493	0.501	0.494	0.410	0.429	0.434	0.453	0.464	0.525	0.540	0.466	0.527	0.539	0.557	0	0.237	0.218	0.276	0.302	0.508	0.424	0.389	0.691	0.653	0.659	0.672	0.663	0.689	0.676	0.655	0.662	0.621	0.628	0.633
G.3	0.444	0.347	0.354	0.386	0.394	0.412	0.426	0.414	0.324	0.345	0.352	0.369	0.377	0.437	0.457	0.384	0.439	0.456	0.487	0.237	0	0.132	0.374	0.324	0.477	0.393	0.357	0.627	0.573	0.589	0.603	0.602	0.632	0.610	0.585	0.591	0.539	0.566	0.604
G.4	0.474	0.367	0.378	0.404	0.412	0.429	0.441	0.432	0.344	0.358	0.366	0.385	0.393	0.459	0.476	0.402	0.468	0.480	0.506	0.218	0.132	0	0.356	0.322	0.490	0.347	0.374	0.638	0.591	0.599	0.614	0.612	0.640	0.625	0.600	0.605	0.556	0.579	0.606
LW.1	0.445	0.482	0.542	0.565	0.561	0.576	0.572	0.574	0.484	0.514	0.508	0.535	0.522	0.591	0.596	0.526	0.599	0.645	0.656	0.276	0.374	0.356	0	0.325	0.602	0.451	0.486	0.670	0.633	0.638	0.646	0.635	0.656	0.645	0.622	0.632	0.602	0.621	0.609
G.2	0.491	0.477	0.534	0.559	0.559	0.574	0.576	0.574	0.471	0.501	0.504	0.531	0.529	0.585	0.594	0.513	0.602	0.635	0.647	0.302	0.324	0.322	0.325	0	0.649	0.356	0.452	0.682	0.650	0.655	0.666	0.658	0.678	0.666	0.645	0.655	0.614	0.621	0.631
T.1	0.537	0.426	0.390	0.371	0.389	0.392	0.345	0.357	0.451	0.407	0.376	0.352	0.379	0.433	0.445	0.453	0.428	0.423	0.467	0.508	0.477	0.490	0.602	0.649	0	0.674	0.555	0.655	0.629	0.648	0.659	0.667	0.695	0.687	0.674	0.673	0.630	0.611	0.645
G.5	0.561	0.537	0.518	0.548	0.551	0.531	0.504	0.498	0.452	0.463	0.492	0.510	0.480	0.536	0.505	0.446	0.585	0.571	0.557	0.424	0.393	0.347	0.451	0.356	0.674	0	0.516	0.674	0.636	0.646	0.678	0.668	0.697	0.659	0.656	0.687	0.582	0.664	0.691
GR.01	0.564	0.457	0.445	0.459	0.466	0.482	0.488	0.487	0.425	0.440	0.438	0.455	0.464	0.506	0.520	0.485	0.488	0.488	0.517	0.389	0.357	0.374	0.486	0.452	0.555	0.516	0	0.586	0.515	0.523	0.551	0.550	0.563	0.535	0.517	0.523	0.510	0.525	0.560
A.23	0.596	0.535	0.471	0.441	0.431	0.436	0.482	0.482	0.502	0.517	0.502	0.512	0.510	0.402	0.394	0.516	0.369	0.424	0.411	0.691	0.627	0.638	0.670	0.682	0.655	0.674	0.586	0	0.220	0.251	0.280	0.302	0.344	0.350	0.328	0.351	0.354	0.395	0.422
A.24	0.553	0.504	0.466	0.470	0.469	0.470	0.486	0.489	0.446	0.469	0.461	0.476	0.472	0.455	0.453	0.478	0.425	0.446	0.423	0.653	0.573	0.591	0.633	0.650	0.629	0.636	0.515	0.220	0	0.105	0.167	0.195	0.250	0.221	0.207	0.234	0.234	0.303	0.332
A.25	0.547	0.506	0.481	0.479	0.475	0.483	0.504	0.504	0.451	0.478	0.470	0.490	0.483	0.462	0.465	0.490	0.438	0.468	0.441	0.659	0.589	0.599	0.638	0.655	0.648	0.646	0.523	0.251	0.105	0	0.0972	0.144	0.182	0.172	0.173	0.211	0.256	0.302	0.314
A.26	0.564	0.528	0.516	0.512	0.506	0.519	0.539	0.539	0.487	0.515	0.506	0.529	0.517	0.501	0.506	0.527	0.474	0.510	0.485	0.672	0.603	0.614	0.646	0.666	0.659	0.678	0.551	0.280	0.167	0.0972	0	0.0997	0.137	0.176	0.188	0.196	0.279	0.313	0.330
A.28	0.568	0.535	0.524	0.526	0.523	0.534	0.546	0.548	0.497	0.520	0.515	0.534	0.526	0.521	0.519	0.531	0.487	0.522	0.500	0.663	0.602	0.612	0.635	0.658	0.667	0.668	0.550	0.302	0.195	0.144	0.0997	0	0.112	0.172	0.189	0.182	0.285	0.329	0.332
A.27	0.581	0.563	0.566	0.560	0.553	0.567	0.581	0.580	0.527	0.553	0.545	0.572	0.555	0.550	0.554	0.570	0.524	0.558	0.531	0.689	0.632	0.640	0.656	0.678	0.695	0.697	0.563	0.344	0.250	0.182	0.137	0.112	0	0.163	0.185	0.174	0.311	0.347	0.315
A.29	0.587	0.565	0.533	0.531	0.532	0.532	0.547	0.546	0.497	0.520	0.514	0.535	0.522	0.526	0.525	0.536	0.503	0.518	0.499	0.676	0.610	0.625	0.645	0.666	0.687	0.659	0.535	0.350	0.221	0.172	0.176	0.172	0.163	0	0.141	0.166	0.288	0.328	0.286
A.32	0.549	0.537	0.521	0.517	0.515	0.529	0.542	0.543	0.484	0.509	0.503	0.527	0.513	0.515	0.516	0.527	0.483	0.513	0.487	0.655	0.585	0.600	0.622	0.645	0.674	0.656	0.517	0.328	0.207	0.173	0.188	0.189	0.185	0.141	0	0.148	0.236	0.342	0.287
A.30	0.569	0.551	0.548	0.547	0.543	0.554	0.562	0.569	0.519	0.543	0.536	0.556	0.547	0.547	0.546	0.559	0.507	0.532	0.510	0.662	0.591	0.605	0.632	0.655	0.673	0.687	0.523	0.351	0.234	0.211	0.196	0.182	0.174	0.166	0.148	0	0.263	0.319	0.265
A.34	0.534	0.498	0.463	0.470	0.470	0.454	0.461	0.467	0.416	0.435	0.448	0.464	0.440	0.449	0.439	0.451	0.438	0.430	0.423	0.621	0.539	0.556	0.602	0.614	0.630	0.582	0.510	0.354	0.234	0.256	0.279	0.285	0.311	0.288	0.236	0.263	0	0.365	0.350
BS.2	0.502	0.479	0.495	0.491	0.484	0.499	0.514	0.514	0.466	0.485	0.480	0.510	0.480	0.476	0.485	0.509	0.454	0.479	0.455	0.628	0.566	0.579	0.621	0.621	0.611	0.664	0.525	0.395	0.303	0.302	0.313	0.329	0.347	0.328	0.342	0.319	0.365	0	0.230
C3.2	0.511	0.525	0.556	0.551	0.544	0.558	0.570	0.572	0.521	0.544	0.536	0.566	0.547	0.541	0.547	0.562	0.513	0.542	0.511	0.633	0.604	0.606	0.609	0.631	0.645	0.691	0.560	0.422	0.332	0.314	0.330	0.332	0.315	0.286	0.287	0.265	0.350	0.230	0
