bray_curtis_binary	A0	A1	A12	A3	A4	A6	A5	A11	A14	A9	A7	A2	A8	A10	A15	A13	A19	A17	A20	A16	A21	G0	G1	G3	G4	GR01	T1	LW1	G2	G5	A23	A24	A29	A30	C32	A27	A28	BS2	A32	A26	A34	A25	A18
A0	0	0.373	0.410	0.377	0.380	0.408	0.399	0.437	0.433	0.434	0.419	0.424	0.452	0.466	0.475	0.524	0.496	0.549	0.583	0.519	0.536	0.615	0.622	0.597	0.594	0.672	0.630	0.538	0.763	0.751	0.745	0.703	0.722	0.703	0.770	0.719	0.797	0.767	0.760	0.754	0.706	0.782	0.915
A1	0.373	0	0.358	0.349	0.342	0.351	0.372	0.366	0.412	0.372	0.400	0.384	0.413	0.438	0.470	0.495	0.515	0.548	0.541	0.501	0.516	0.640	0.641	0.610	0.590	0.708	0.638	0.578	0.789	0.776	0.750	0.707	0.726	0.725	0.770	0.741	0.794	0.782	0.746	0.737	0.710	0.784	0.906
A12	0.410	0.358	0	0.341	0.362	0.373	0.387	0.375	0.366	0.403	0.410	0.382	0.439	0.405	0.432	0.532	0.472	0.522	0.537	0.498	0.542	0.644	0.649	0.612	0.605	0.705	0.648	0.589	0.764	0.746	0.735	0.685	0.705	0.708	0.760	0.752	0.763	0.757	0.746	0.713	0.657	0.768	0.909
A3	0.377	0.349	0.341	0	0.339	0.361	0.373	0.383	0.415	0.410	0.394	0.390	0.409	0.448	0.453	0.500	0.510	0.556	0.543	0.509	0.527	0.656	0.640	0.608	0.599	0.724	0.630	0.584	0.797	0.742	0.749	0.708	0.712	0.718	0.765	0.757	0.784	0.772	0.772	0.743	0.698	0.771	0.902
A4	0.380	0.342	0.362	0.339	0	0.361	0.359	0.393	0.428	0.405	0.373	0.392	0.412	0.432	0.467	0.505	0.489	0.513	0.509	0.482	0.509	0.637	0.633	0.578	0.578	0.709	0.605	0.606	0.759	0.738	0.738	0.705	0.706	0.712	0.766	0.724	0.773	0.771	0.745	0.721	0.704	0.774	0.905
A6	0.408	0.351	0.373	0.361	0.361	0	0.390	0.381	0.392	0.391	0.375	0.394	0.396	0.438	0.445	0.477	0.454	0.534	0.518	0.476	0.479	0.643	0.648	0.607	0.584	0.716	0.610	0.606	0.742	0.714	0.742	0.716	0.717	0.716	0.744	0.754	0.779	0.755	0.766	0.725	0.685	0.765	0.895
A5	0.399	0.372	0.387	0.373	0.359	0.390	0	0.390	0.421	0.429	0.395	0.394	0.399	0.445	0.459	0.514	0.491	0.517	0.544	0.493	0.487	0.661	0.646	0.623	0.592	0.704	0.621	0.632	0.777	0.754	0.719	0.687	0.684	0.691	0.742	0.724	0.764	0.746	0.718	0.704	0.688	0.765	0.890
A11	0.437	0.366	0.375	0.383	0.393	0.381	0.390	0	0.394	0.401	0.427	0.414	0.435	0.436	0.460	0.519	0.501	0.556	0.527	0.504	0.525	0.665	0.648	0.617	0.639	0.729	0.655	0.628	0.783	0.747	0.745	0.693	0.715	0.733	0.751	0.750	0.779	0.766	0.751	0.720	0.710	0.765	0.904
A14	0.433	0.412	0.366	0.415	0.428	0.392	0.421	0.394	0	0.406	0.431	0.412	0.448	0.456	0.467	0.537	0.471	0.519	0.535	0.504	0.511	0.642	0.654	0.624	0.596	0.708	0.637	0.619	0.774	0.736	0.713	0.680	0.705	0.700	0.763	0.725	0.761	0.739	0.723	0.741	0.678	0.758	0.910
A9	0.434	0.372	0.403	0.410	0.405	0.391	0.429	0.401	0.406	0	0.443	0.429	0.449	0.445	0.453	0.528	0.480	0.521	0.531	0.470	0.513	0.644	0.635	0.625	0.614	0.710	0.651	0.616	0.796	0.755	0.723	0.676	0.707	0.665	0.735	0.697	0.758	0.748	0.735	0.681	0.697	0.764	0.892
A7	0.419	0.400	0.410	0.394	0.373	0.375	0.395	0.427	0.431	0.443	0	0.410	0.430	0.433	0.447	0.535	0.485	0.525	0.515	0.519	0.520	0.607	0.625	0.589	0.561	0.682	0.596	0.612	0.746	0.703	0.701	0.692	0.689	0.697	0.765	0.743	0.746	0.762	0.720	0.693	0.681	0.760	0.892
A2	0.424	0.384	0.382	0.390	0.392	0.394	0.394	0.414	0.412	0.429	0.410	0	0.433	0.443	0.468	0.530	0.466	0.509	0.534	0.494	0.474	0.643	0.648	0.607	0.613	0.727	0.634	0.615	0.766	0.737	0.711	0.701	0.707	0.715	0.758	0.739	0.769	0.740	0.732	0.707	0.689	0.761	0.904
A8	0.452	0.413	0.439	0.409	0.412	0.396	0.399	0.435	0.448	0.449	0.430	0.433	0	0.440	0.472	0.445	0.479	0.531	0.517	0.520	0.500	0.650	0.628	0.595	0.592	0.728	0.564	0.617	0.760	0.726	0.690	0.639	0.667	0.667	0.717	0.710	0.766	0.744	0.717	0.714	0.697	0.735	0.872
A10	0.466	0.438	0.405	0.448	0.432	0.438	0.445	0.436	0.456	0.445	0.433	0.443	0.440	0	0.485	0.523	0.465	0.516	0.480	0.485	0.500	0.621	0.626	0.603	0.609	0.684	0.594	0.630	0.736	0.681	0.643	0.639	0.632	0.607	0.724	0.685	0.714	0.709	0.700	0.638	0.674	0.697	0.886
A15	0.475	0.470	0.432	0.453	0.467	0.445	0.459	0.460	0.467	0.453	0.447	0.468	0.472	0.485	0	0.570	0.457	0.458	0.497	0.515	0.489	0.608	0.622	0.616	0.604	0.669	0.625	0.650	0.752	0.732	0.655	0.645	0.657	0.656	0.725	0.711	0.753	0.725	0.710	0.675	0.672	0.696	0.883
A13	0.524	0.495	0.532	0.500	0.505	0.477	0.514	0.519	0.537	0.528	0.535	0.530	0.445	0.523	0.570	0	0.550	0.617	0.584	0.542	0.567	0.724	0.722	0.662	0.643	0.778	0.567	0.650	0.759	0.708	0.716	0.697	0.701	0.675	0.740	0.765	0.784	0.760	0.753	0.732	0.700	0.765	0.873
A19	0.496	0.515	0.472	0.510	0.489	0.454	0.491	0.501	0.471	0.480	0.485	0.466	0.479	0.465	0.457	0.550	0	0.477	0.490	0.526	0.498	0.608	0.613	0.612	0.597	0.696	0.603	0.633	0.722	0.688	0.649	0.640	0.636	0.660	0.683	0.688	0.724	0.671	0.703	0.669	0.658	0.700	0.872
A17	0.549	0.548	0.522	0.556	0.513	0.534	0.517	0.556	0.519	0.521	0.525	0.509	0.531	0.516	0.458	0.617	0.477	0	0.469	0.547	0.493	0.646	0.628	0.629	0.628	0.713	0.598	0.673	0.744	0.709	0.614	0.586	0.606	0.617	0.699	0.640	0.704	0.672	0.630	0.644	0.617	0.688	0.858
A20	0.583	0.541	0.537	0.543	0.509	0.518	0.544	0.527	0.535	0.531	0.515	0.534	0.517	0.480	0.497	0.584	0.490	0.469	0	0.542	0.545	0.641	0.638	0.625	0.644	0.667	0.614	0.686	0.734	0.695	0.644	0.605	0.607	0.629	0.690	0.652	0.642	0.682	0.672	0.650	0.639	0.679	0.852
A16	0.519	0.501	0.498	0.509	0.482	0.476	0.493	0.504	0.504	0.470	0.519	0.494	0.520	0.485	0.515	0.542	0.526	0.547	0.542	0	0.543	0.688	0.679	0.658	0.670	0.757	0.651	0.687	0.770	0.732	0.692	0.676	0.702	0.658	0.731	0.680	0.731	0.731	0.706	0.697	0.642	0.723	0.873
A21	0.536	0.516	0.542	0.527	0.509	0.479	0.487	0.525	0.511	0.513	0.520	0.474	0.500	0.500	0.489	0.567	0.498	0.493	0.545	0.543	0	0.670	0.655	0.625	0.605	0.732	0.600	0.659	0.755	0.695	0.653	0.633	0.640	0.654	0.684	0.649	0.704	0.682	0.673	0.664	0.633	0.691	0.868
G0	0.615	0.640	0.644	0.656	0.637	0.643	0.661	0.665	0.642	0.644	0.607	0.643	0.650	0.621	0.608	0.724	0.608	0.646	0.641	0.688	0.670	0	0.247	0.352	0.343	0.429	0.539	0.514	0.559	0.610	0.680	0.679	0.675	0.714	0.743	0.703	0.693	0.719	0.743	0.698	0.707	0.772	0.875
G1	0.622	0.641	0.649	0.640	0.633	0.648	0.646	0.648	0.654	0.635	0.625	0.648	0.628	0.626	0.622	0.722	0.613	0.628	0.638	0.679	0.655	0.247	0	0.365	0.367	0.462	0.540	0.513	0.601	0.622	0.654	0.660	0.669	0.680	0.710	0.656	0.681	0.709	0.710	0.693	0.714	0.759	0.870
G3	0.597	0.610	0.612	0.608	0.578	0.607	0.623	0.617	0.624	0.625	0.589	0.607	0.595	0.603	0.616	0.662	0.612	0.629	0.625	0.658	0.625	0.352	0.365	0	0.331	0.522	0.464	0.500	0.598	0.596	0.690	0.680	0.686	0.710	0.709	0.710	0.714	0.734	0.750	0.722	0.704	0.785	0.866
G4	0.594	0.590	0.605	0.599	0.578	0.584	0.592	0.639	0.596	0.614	0.561	0.613	0.592	0.609	0.604	0.643	0.597	0.628	0.644	0.670	0.605	0.343	0.367	0.331	0	0.563	0.505	0.537	0.575	0.609	0.701	0.686	0.701	0.729	0.734	0.742	0.740	0.734	0.759	0.716	0.709	0.782	0.878
GR01	0.672	0.708	0.705	0.724	0.709	0.716	0.704	0.729	0.708	0.710	0.682	0.727	0.728	0.684	0.669	0.778	0.696	0.713	0.667	0.757	0.732	0.429	0.462	0.522	0.563	0	0.624	0.595	0.594	0.673	0.715	0.706	0.695	0.701	0.741	0.700	0.673	0.712	0.742	0.724	0.730	0.739	0.850
T1	0.630	0.638	0.648	0.630	0.605	0.610	0.621	0.655	0.637	0.651	0.596	0.634	0.564	0.594	0.625	0.567	0.603	0.598	0.614	0.651	0.600	0.539	0.540	0.464	0.505	0.624	0	0.526	0.654	0.607	0.650	0.651	0.657	0.675	0.679	0.719	0.712	0.702	0.708	0.700	0.676	0.735	0.852
LW1	0.538	0.578	0.589	0.584	0.606	0.606	0.632	0.628	0.619	0.616	0.612	0.615	0.617	0.630	0.650	0.650	0.633	0.673	0.686	0.687	0.659	0.514	0.513	0.500	0.537	0.595	0.526	0	0.694	0.713	0.734	0.757	0.703	0.749	0.737	0.735	0.797	0.741	0.737	0.765	0.746	0.775	0.910
G2	0.763	0.789	0.764	0.797	0.759	0.742	0.777	0.783	0.774	0.796	0.746	0.766	0.760	0.736	0.752	0.759	0.722	0.744	0.734	0.770	0.755	0.559	0.601	0.598	0.575	0.594	0.654	0.694	0	0.468	0.642	0.718	0.720	0.719	0.711	0.729	0.733	0.703	0.711	0.729	0.722	0.714	0.828
G5	0.751	0.776	0.746	0.742	0.738	0.714	0.754	0.747	0.736	0.755	0.703	0.737	0.726	0.681	0.732	0.708	0.688	0.709	0.695	0.732	0.695	0.610	0.622	0.596	0.609	0.673	0.607	0.713	0.468	0	0.581	0.640	0.656	0.628	0.674	0.703	0.660	0.648	0.673	0.646	0.646	0.674	0.806
A23	0.745	0.750	0.735	0.749	0.738	0.742	0.719	0.745	0.713	0.723	0.701	0.711	0.690	0.643	0.655	0.716	0.649	0.614	0.644	0.692	0.653	0.680	0.654	0.690	0.701	0.715	0.650	0.734	0.642	0.581	0	0.579	0.583	0.597	0.592	0.562	0.639	0.565	0.613	0.590	0.649	0.604	0.761
A24	0.703	0.707	0.685	0.708	0.705	0.716	0.687	0.693	0.680	0.676	0.692	0.701	0.639	0.639	0.645	0.697	0.640	0.586	0.605	0.676	0.633	0.679	0.660	0.680	0.686	0.706	0.651	0.757	0.718	0.640	0.579	0	0.534	0.577	0.650	0.567	0.588	0.661	0.592	0.618	0.623	0.590	0.766
A29	0.722	0.726	0.705	0.712	0.706	0.717	0.684	0.715	0.705	0.707	0.689	0.707	0.667	0.632	0.657	0.701	0.636	0.606	0.607	0.702	0.640	0.675	0.669	0.686	0.701	0.695	0.657	0.703	0.720	0.656	0.583	0.534	0	0.551	0.614	0.588	0.591	0.574	0.611	0.573	0.639	0.585	0.757
A30	0.703	0.725	0.708	0.718	0.712	0.716	0.691	0.733	0.700	0.665	0.697	0.715	0.667	0.607	0.656	0.675	0.660	0.617	0.629	0.658	0.654	0.714	0.680	0.710	0.729	0.701	0.675	0.749	0.719	0.628	0.597	0.577	0.551	0	0.543	0.552	0.555	0.564	0.570	0.587	0.577	0.592	0.779
C32	0.770	0.770	0.760	0.765	0.766	0.744	0.742	0.751	0.763	0.735	0.765	0.758	0.717	0.724	0.725	0.740	0.683	0.699	0.690	0.731	0.684	0.743	0.710	0.709	0.734	0.741	0.679	0.737	0.711	0.674	0.592	0.650	0.614	0.543	0	0.589	0.611	0.626	0.638	0.649	0.648	0.647	0.756
A27	0.719	0.741	0.752	0.757	0.724	0.754	0.724	0.750	0.725	0.697	0.743	0.739	0.710	0.685	0.711	0.765	0.688	0.640	0.652	0.680	0.649	0.703	0.656	0.710	0.742	0.700	0.719	0.735	0.729	0.703	0.562	0.567	0.588	0.552	0.589	0	0.600	0.598	0.594	0.606	0.598	0.621	0.768
A28	0.797	0.794	0.763	0.784	0.773	0.779	0.764	0.779	0.761	0.758	0.746	0.769	0.766	0.714	0.753	0.784	0.724	0.704	0.642	0.731	0.704	0.693	0.681	0.714	0.740	0.673	0.712	0.797	0.733	0.660	0.639	0.588	0.591	0.555	0.611	0.600	0	0.592	0.617	0.657	0.609	0.626	0.733
BS2	0.767	0.782	0.757	0.772	0.771	0.755	0.746	0.766	0.739	0.748	0.762	0.740	0.744	0.709	0.725	0.760	0.671	0.672	0.682	0.731	0.682	0.719	0.709	0.734	0.734	0.712	0.702	0.741	0.703	0.648	0.565	0.661	0.574	0.564	0.626	0.598	0.592	0	0.623	0.643	0.629	0.613	0.785
A32	0.760	0.746	0.746	0.772	0.745	0.766	0.718	0.751	0.723	0.735	0.720	0.732	0.717	0.700	0.710	0.753	0.703	0.630	0.672	0.706	0.673	0.743	0.710	0.750	0.759	0.742	0.708	0.737	0.711	0.673	0.613	0.592	0.611	0.570	0.638	0.594	0.617	0.623	0	0.664	0.633	0.627	0.796
A26	0.754	0.737	0.713	0.743	0.721	0.725	0.704	0.720	0.741	0.681	0.693	0.707	0.714	0.638	0.675	0.732	0.669	0.644	0.650	0.697	0.664	0.698	0.693	0.722	0.716	0.724	0.700	0.765	0.729	0.646	0.590	0.618	0.573	0.587	0.649	0.606	0.657	0.643	0.664	0	0.670	0.629	0.778
A34	0.706	0.710	0.657	0.698	0.704	0.685	0.688	0.710	0.678	0.697	0.681	0.689	0.697	0.674	0.672	0.700	0.658	0.617	0.639	0.642	0.633	0.707	0.714	0.704	0.709	0.730	0.676	0.746	0.722	0.646	0.649	0.623	0.639	0.577	0.648	0.598	0.609	0.629	0.633	0.670	0	0.640	0.814
A25	0.782	0.784	0.768	0.771	0.774	0.765	0.765	0.765	0.758	0.764	0.760	0.761	0.735	0.697	0.696	0.765	0.700	0.688	0.679	0.723	0.691	0.772	0.759	0.785	0.782	0.739	0.735	0.775	0.714	0.674	0.604	0.590	0.585	0.592	0.647	0.621	0.626	0.613	0.627	0.629	0.640	0	0.671
A18	0.915	0.906	0.909	0.902	0.905	0.895	0.890	0.904	0.910	0.892	0.892	0.904	0.872	0.886	0.883	0.873	0.872	0.858	0.852	0.873	0.868	0.875	0.870	0.866	0.878	0.850	0.852	0.910	0.828	0.806	0.761	0.766	0.757	0.779	0.756	0.768	0.733	0.785	0.796	0.778	0.814	0.671	0
