bray_curtis_binary	A0	A1	A10	A11	A12	A13	A14	A15	A16	A17	A18	A19	A2	A20	A21	A23	A24	A25	A26	A27	A28	A29	A3	A30	A32	A34	A4	A5	A6	A7	A8	A9	BS2	C32	G0	G1	G2	G3	G4	G5	GR01	LW1	T1
A0	0	0.373	0.466	0.437	0.410	0.524	0.433	0.475	0.519	0.549	0.915	0.496	0.424	0.583	0.536	0.745	0.703	0.782	0.754	0.719	0.797	0.722	0.377	0.703	0.760	0.706	0.380	0.399	0.408	0.419	0.452	0.434	0.767	0.770	0.615	0.622	0.763	0.597	0.594	0.751	0.672	0.538	0.630
A1	0.373	0	0.438	0.366	0.358	0.495	0.412	0.470	0.501	0.548	0.906	0.515	0.384	0.541	0.516	0.750	0.707	0.784	0.737	0.741	0.794	0.726	0.349	0.725	0.746	0.710	0.342	0.372	0.351	0.400	0.413	0.372	0.782	0.770	0.640	0.641	0.789	0.610	0.590	0.776	0.708	0.578	0.638
A10	0.466	0.438	0	0.436	0.405	0.523	0.456	0.485	0.485	0.516	0.886	0.465	0.443	0.480	0.500	0.643	0.639	0.697	0.638	0.685	0.714	0.632	0.448	0.607	0.700	0.674	0.432	0.445	0.438	0.433	0.440	0.445	0.709	0.724	0.621	0.626	0.736	0.603	0.609	0.681	0.684	0.630	0.594
A11	0.437	0.366	0.436	0	0.375	0.519	0.394	0.460	0.504	0.556	0.904	0.501	0.414	0.527	0.525	0.745	0.693	0.765	0.720	0.750	0.779	0.715	0.383	0.733	0.751	0.710	0.393	0.390	0.381	0.427	0.435	0.401	0.766	0.751	0.665	0.648	0.783	0.617	0.639	0.747	0.729	0.628	0.655
A12	0.410	0.358	0.405	0.375	0	0.532	0.366	0.432	0.498	0.522	0.909	0.472	0.382	0.537	0.542	0.735	0.685	0.768	0.713	0.752	0.763	0.705	0.341	0.708	0.746	0.657	0.362	0.387	0.373	0.410	0.439	0.403	0.757	0.760	0.644	0.649	0.764	0.612	0.605	0.746	0.705	0.589	0.648
A13	0.524	0.495	0.523	0.519	0.532	0	0.537	0.570	0.542	0.617	0.873	0.550	0.530	0.584	0.567	0.716	0.697	0.765	0.732	0.765	0.784	0.701	0.500	0.675	0.753	0.700	0.505	0.514	0.477	0.535	0.445	0.528	0.760	0.740	0.724	0.722	0.759	0.662	0.643	0.708	0.778	0.650	0.567
A14	0.433	0.412	0.456	0.394	0.366	0.537	0	0.467	0.504	0.519	0.910	0.471	0.412	0.535	0.511	0.713	0.680	0.758	0.741	0.725	0.761	0.705	0.415	0.700	0.723	0.678	0.428	0.421	0.392	0.431	0.448	0.406	0.739	0.763	0.642	0.654	0.774	0.624	0.596	0.736	0.708	0.619	0.637
A15	0.475	0.470	0.485	0.460	0.432	0.570	0.467	0	0.515	0.458	0.883	0.457	0.468	0.497	0.489	0.655	0.645	0.696	0.675	0.711	0.753	0.657	0.453	0.656	0.710	0.672	0.467	0.459	0.445	0.447	0.472	0.453	0.725	0.725	0.608	0.622	0.752	0.616	0.604	0.732	0.669	0.650	0.625
A16	0.519	0.501	0.485	0.504	0.498	0.542	0.504	0.515	0	0.547	0.873	0.526	0.494	0.542	0.543	0.692	0.676	0.723	0.697	0.680	0.731	0.702	0.509	0.658	0.706	0.642	0.482	0.493	0.476	0.519	0.520	0.470	0.731	0.731	0.688	0.679	0.770	0.658	0.670	0.732	0.757	0.687	0.651
A17	0.549	0.548	0.516	0.556	0.522	0.617	0.519	0.458	0.547	0	0.858	0.477	0.509	0.469	0.493	0.614	0.586	0.688	0.644	0.640	0.704	0.606	0.556	0.617	0.630	0.617	0.513	0.517	0.534	0.525	0.531	0.521	0.672	0.699	0.646	0.628	0.744	0.629	0.628	0.709	0.713	0.673	0.598
A18	0.915	0.906	0.886	0.904	0.909	0.873	0.910	0.883	0.873	0.858	0	0.872	0.904	0.852	0.868	0.761	0.766	0.671	0.778	0.768	0.733	0.757	0.902	0.779	0.796	0.814	0.905	0.890	0.895	0.892	0.872	0.892	0.785	0.756	0.875	0.870	0.828	0.866	0.878	0.806	0.850	0.910	0.852
A19	0.496	0.515	0.465	0.501	0.472	0.550	0.471	0.457	0.526	0.477	0.872	0	0.466	0.490	0.498	0.649	0.640	0.700	0.669	0.688	0.724	0.636	0.510	0.660	0.703	0.658	0.489	0.491	0.454	0.485	0.479	0.480	0.671	0.683	0.608	0.613	0.722	0.612	0.597	0.688	0.696	0.633	0.603
A2	0.424	0.384	0.443	0.414	0.382	0.530	0.412	0.468	0.494	0.509	0.904	0.466	0	0.534	0.474	0.711	0.701	0.761	0.707	0.739	0.769	0.707	0.390	0.715	0.732	0.689	0.392	0.394	0.394	0.410	0.433	0.429	0.740	0.758	0.643	0.648	0.766	0.607	0.613	0.737	0.727	0.615	0.634
A20	0.583	0.541	0.480	0.527	0.537	0.584	0.535	0.497	0.542	0.469	0.852	0.490	0.534	0	0.545	0.644	0.605	0.679	0.650	0.652	0.642	0.607	0.543	0.629	0.672	0.639	0.509	0.544	0.518	0.515	0.517	0.531	0.682	0.690	0.641	0.638	0.734	0.625	0.644	0.695	0.667	0.686	0.614
A21	0.536	0.516	0.500	0.525	0.542	0.567	0.511	0.489	0.543	0.493	0.868	0.498	0.474	0.545	0	0.653	0.633	0.691	0.664	0.649	0.704	0.640	0.527	0.654	0.673	0.633	0.509	0.487	0.479	0.520	0.500	0.513	0.682	0.684	0.670	0.655	0.755	0.625	0.605	0.695	0.732	0.659	0.600
A23	0.745	0.750	0.643	0.745	0.735	0.716	0.713	0.655	0.692	0.614	0.761	0.649	0.711	0.644	0.653	0	0.579	0.604	0.590	0.562	0.639	0.583	0.749	0.597	0.613	0.649	0.738	0.719	0.742	0.701	0.690	0.723	0.565	0.592	0.680	0.654	0.642	0.690	0.701	0.581	0.715	0.734	0.650
A24	0.703	0.707	0.639	0.693	0.685	0.697	0.680	0.645	0.676	0.586	0.766	0.640	0.701	0.605	0.633	0.579	0	0.590	0.618	0.567	0.588	0.534	0.708	0.577	0.592	0.623	0.705	0.687	0.716	0.692	0.639	0.676	0.661	0.650	0.679	0.660	0.718	0.680	0.686	0.640	0.706	0.757	0.651
A25	0.782	0.784	0.697	0.765	0.768	0.765	0.758	0.696	0.723	0.688	0.671	0.700	0.761	0.679	0.691	0.604	0.590	0	0.629	0.621	0.626	0.585	0.771	0.592	0.627	0.640	0.774	0.765	0.765	0.760	0.735	0.764	0.613	0.647	0.772	0.759	0.714	0.785	0.782	0.674	0.739	0.775	0.735
A26	0.754	0.737	0.638	0.720	0.713	0.732	0.741	0.675	0.697	0.644	0.778	0.669	0.707	0.650	0.664	0.590	0.618	0.629	0	0.606	0.657	0.573	0.743	0.587	0.664	0.670	0.721	0.704	0.725	0.693	0.714	0.681	0.643	0.649	0.698	0.693	0.729	0.722	0.716	0.646	0.724	0.765	0.700
A27	0.719	0.741	0.685	0.750	0.752	0.765	0.725	0.711	0.680	0.640	0.768	0.688	0.739	0.652	0.649	0.562	0.567	0.621	0.606	0	0.600	0.588	0.757	0.552	0.594	0.598	0.724	0.724	0.754	0.743	0.710	0.697	0.598	0.589	0.703	0.656	0.729	0.710	0.742	0.703	0.700	0.735	0.719
A28	0.797	0.794	0.714	0.779	0.763	0.784	0.761	0.753	0.731	0.704	0.733	0.724	0.769	0.642	0.704	0.639	0.588	0.626	0.657	0.600	0	0.591	0.784	0.555	0.617	0.609	0.773	0.764	0.779	0.746	0.766	0.758	0.592	0.611	0.693	0.681	0.733	0.714	0.740	0.660	0.673	0.797	0.712
A29	0.722	0.726	0.632	0.715	0.705	0.701	0.705	0.657	0.702	0.606	0.757	0.636	0.707	0.607	0.640	0.583	0.534	0.585	0.573	0.588	0.591	0	0.712	0.551	0.611	0.639	0.706	0.684	0.717	0.689	0.667	0.707	0.574	0.614	0.675	0.669	0.720	0.686	0.701	0.656	0.695	0.703	0.657
A3	0.377	0.349	0.448	0.383	0.341	0.500	0.415	0.453	0.509	0.556	0.902	0.510	0.390	0.543	0.527	0.749	0.708	0.771	0.743	0.757	0.784	0.712	0	0.718	0.772	0.698	0.339	0.373	0.361	0.394	0.409	0.410	0.772	0.765	0.656	0.640	0.797	0.608	0.599	0.742	0.724	0.584	0.630
A30	0.703	0.725	0.607	0.733	0.708	0.675	0.700	0.656	0.658	0.617	0.779	0.660	0.715	0.629	0.654	0.597	0.577	0.592	0.587	0.552	0.555	0.551	0.718	0	0.570	0.577	0.712	0.691	0.716	0.697	0.667	0.665	0.564	0.543	0.714	0.680	0.719	0.710	0.729	0.628	0.701	0.749	0.675
A32	0.760	0.746	0.700	0.751	0.746	0.753	0.723	0.710	0.706	0.630	0.796	0.703	0.732	0.672	0.673	0.613	0.592	0.627	0.664	0.594	0.617	0.611	0.772	0.570	0	0.633	0.745	0.718	0.766	0.720	0.717	0.735	0.623	0.638	0.743	0.710	0.711	0.750	0.759	0.673	0.742	0.737	0.708
A34	0.706	0.710	0.674	0.710	0.657	0.700	0.678	0.672	0.642	0.617	0.814	0.658	0.689	0.639	0.633	0.649	0.623	0.640	0.670	0.598	0.609	0.639	0.698	0.577	0.633	0	0.704	0.688	0.685	0.681	0.697	0.697	0.629	0.648	0.707	0.714	0.722	0.704	0.709	0.646	0.730	0.746	0.676
A4	0.380	0.342	0.432	0.393	0.362	0.505	0.428	0.467	0.482	0.513	0.905	0.489	0.392	0.509	0.509	0.738	0.705	0.774	0.721	0.724	0.773	0.706	0.339	0.712	0.745	0.704	0	0.359	0.361	0.373	0.412	0.405	0.771	0.766	0.637	0.633	0.759	0.578	0.578	0.738	0.709	0.606	0.605
A5	0.399	0.372	0.445	0.390	0.387	0.514	0.421	0.459	0.493	0.517	0.890	0.491	0.394	0.544	0.487	0.719	0.687	0.765	0.704	0.724	0.764	0.684	0.373	0.691	0.718	0.688	0.359	0	0.390	0.395	0.399	0.429	0.746	0.742	0.661	0.646	0.777	0.623	0.592	0.754	0.704	0.632	0.621
A6	0.408	0.351	0.438	0.381	0.373	0.477	0.392	0.445	0.476	0.534	0.895	0.454	0.394	0.518	0.479	0.742	0.716	0.765	0.725	0.754	0.779	0.717	0.361	0.716	0.766	0.685	0.361	0.390	0	0.375	0.396	0.391	0.755	0.744	0.643	0.648	0.742	0.607	0.584	0.714	0.716	0.606	0.610
A7	0.419	0.400	0.433	0.427	0.410	0.535	0.431	0.447	0.519	0.525	0.892	0.485	0.410	0.515	0.520	0.701	0.692	0.760	0.693	0.743	0.746	0.689	0.394	0.697	0.720	0.681	0.373	0.395	0.375	0	0.430	0.443	0.762	0.765	0.607	0.625	0.746	0.589	0.561	0.703	0.682	0.612	0.596
A8	0.452	0.413	0.440	0.435	0.439	0.445	0.448	0.472	0.520	0.531	0.872	0.479	0.433	0.517	0.500	0.690	0.639	0.735	0.714	0.710	0.766	0.667	0.409	0.667	0.717	0.697	0.412	0.399	0.396	0.430	0	0.449	0.744	0.717	0.650	0.628	0.760	0.595	0.592	0.726	0.728	0.617	0.564
A9	0.434	0.372	0.445	0.401	0.403	0.528	0.406	0.453	0.470	0.521	0.892	0.480	0.429	0.531	0.513	0.723	0.676	0.764	0.681	0.697	0.758	0.707	0.410	0.665	0.735	0.697	0.405	0.429	0.391	0.443	0.449	0	0.748	0.735	0.644	0.635	0.796	0.625	0.614	0.755	0.710	0.616	0.651
BS2	0.767	0.782	0.709	0.766	0.757	0.760	0.739	0.725	0.731	0.672	0.785	0.671	0.740	0.682	0.682	0.565	0.661	0.613	0.643	0.598	0.592	0.574	0.772	0.564	0.623	0.629	0.771	0.746	0.755	0.762	0.744	0.748	0	0.626	0.719	0.709	0.703	0.734	0.734	0.648	0.712	0.741	0.702
C32	0.770	0.770	0.724	0.751	0.760	0.740	0.763	0.725	0.731	0.699	0.756	0.683	0.758	0.690	0.684	0.592	0.650	0.647	0.649	0.589	0.611	0.614	0.765	0.543	0.638	0.648	0.766	0.742	0.744	0.765	0.717	0.735	0.626	0	0.743	0.710	0.711	0.709	0.734	0.674	0.741	0.737	0.679
G0	0.615	0.640	0.621	0.665	0.644	0.724	0.642	0.608	0.688	0.646	0.875	0.608	0.643	0.641	0.670	0.680	0.679	0.772	0.698	0.703	0.693	0.675	0.656	0.714	0.743	0.707	0.637	0.661	0.643	0.607	0.650	0.644	0.719	0.743	0	0.247	0.559	0.352	0.343	0.610	0.429	0.514	0.539
G1	0.622	0.641	0.626	0.648	0.649	0.722	0.654	0.622	0.679	0.628	0.870	0.613	0.648	0.638	0.655	0.654	0.660	0.759	0.693	0.656	0.681	0.669	0.640	0.680	0.710	0.714	0.633	0.646	0.648	0.625	0.628	0.635	0.709	0.710	0.247	0	0.601	0.365	0.367	0.622	0.462	0.513	0.540
G2	0.763	0.789	0.736	0.783	0.764	0.759	0.774	0.752	0.770	0.744	0.828	0.722	0.766	0.734	0.755	0.642	0.718	0.714	0.729	0.729	0.733	0.720	0.797	0.719	0.711	0.722	0.759	0.777	0.742	0.746	0.760	0.796	0.703	0.711	0.559	0.601	0	0.598	0.575	0.468	0.594	0.694	0.654
G3	0.597	0.610	0.603	0.617	0.612	0.662	0.624	0.616	0.658	0.629	0.866	0.612	0.607	0.625	0.625	0.690	0.680	0.785	0.722	0.710	0.714	0.686	0.608	0.710	0.750	0.704	0.578	0.623	0.607	0.589	0.595	0.625	0.734	0.709	0.352	0.365	0.598	0	0.331	0.596	0.522	0.500	0.464
G4	0.594	0.590	0.609	0.639	0.605	0.643	0.596	0.604	0.670	0.628	0.878	0.597	0.613	0.644	0.605	0.701	0.686	0.782	0.716	0.742	0.740	0.701	0.599	0.729	0.759	0.709	0.578	0.592	0.584	0.561	0.592	0.614	0.734	0.734	0.343	0.367	0.575	0.331	0	0.609	0.563	0.537	0.505
G5	0.751	0.776	0.681	0.747	0.746	0.708	0.736	0.732	0.732	0.709	0.806	0.688	0.737	0.695	0.695	0.581	0.640	0.674	0.646	0.703	0.660	0.656	0.742	0.628	0.673	0.646	0.738	0.754	0.714	0.703	0.726	0.755	0.648	0.674	0.610	0.622	0.468	0.596	0.609	0	0.673	0.713	0.607
GR01	0.672	0.708	0.684	0.729	0.705	0.778	0.708	0.669	0.757	0.713	0.850	0.696	0.727	0.667	0.732	0.715	0.706	0.739	0.724	0.700	0.673	0.695	0.724	0.701	0.742	0.730	0.709	0.704	0.716	0.682	0.728	0.710	0.712	0.741	0.429	0.462	0.594	0.522	0.563	0.673	0	0.595	0.624
LW1	0.538	0.578	0.630	0.628	0.589	0.650	0.619	0.650	0.687	0.673	0.910	0.633	0.615	0.686	0.659	0.734	0.757	0.775	0.765	0.735	0.797	0.703	0.584	0.749	0.737	0.746	0.606	0.632	0.606	0.612	0.617	0.616	0.741	0.737	0.514	0.513	0.694	0.500	0.537	0.713	0.595	0	0.526
T1	0.630	0.638	0.594	0.655	0.648	0.567	0.637	0.625	0.651	0.598	0.852	0.603	0.634	0.614	0.600	0.650	0.651	0.735	0.700	0.719	0.712	0.657	0.630	0.675	0.708	0.676	0.605	0.621	0.610	0.596	0.564	0.651	0.702	0.679	0.539	0.540	0.654	0.464	0.505	0.607	0.624	0.526	0
