jaccard_binary	A0	A1	A10	A11	A12	A13	A14	A15	A16	A17	A18	A19	A2	A20	A21	A23	A24	A25	A26	A27	A28	A29	A3	A30	A32	A34	A4	A5	A6	A7	A8	A9	BS2	C32	G0	G1	G2	G3	G4	G5	GR01	LW1	T1
A0	0	0.543	0.636	0.608	0.582	0.688	0.605	0.644	0.683	0.709	0.955	0.663	0.595	0.736	0.698	0.854	0.825	0.877	0.860	0.836	0.887	0.839	0.547	0.826	0.863	0.828	0.551	0.570	0.579	0.590	0.623	0.605	0.868	0.870	0.761	0.767	0.865	0.748	0.745	0.858	0.804	0.699	0.773
A1	0.543	0	0.609	0.535	0.527	0.663	0.584	0.639	0.667	0.708	0.951	0.680	0.555	0.702	0.681	0.857	0.829	0.879	0.849	0.851	0.885	0.841	0.518	0.841	0.855	0.830	0.509	0.542	0.519	0.572	0.585	0.542	0.878	0.870	0.780	0.781	0.882	0.758	0.742	0.874	0.829	0.733	0.779
A10	0.636	0.609	0	0.607	0.577	0.687	0.626	0.653	0.653	0.681	0.940	0.635	0.614	0.649	0.667	0.783	0.780	0.821	0.779	0.813	0.833	0.774	0.619	0.756	0.823	0.805	0.603	0.616	0.609	0.604	0.611	0.616	0.829	0.840	0.766	0.770	0.848	0.752	0.757	0.811	0.812	0.773	0.745
A11	0.608	0.535	0.607	0	0.545	0.683	0.565	0.630	0.670	0.715	0.950	0.668	0.586	0.690	0.689	0.854	0.818	0.867	0.837	0.857	0.876	0.834	0.554	0.846	0.858	0.830	0.565	0.561	0.551	0.599	0.607	0.572	0.868	0.858	0.798	0.786	0.878	0.763	0.780	0.855	0.843	0.772	0.791
A12	0.582	0.527	0.577	0.545	0	0.695	0.536	0.603	0.665	0.686	0.952	0.641	0.553	0.699	0.703	0.847	0.813	0.869	0.832	0.858	0.865	0.827	0.509	0.829	0.854	0.793	0.531	0.558	0.543	0.581	0.610	0.575	0.862	0.864	0.783	0.787	0.866	0.759	0.754	0.854	0.827	0.741	0.786
A13	0.688	0.663	0.687	0.683	0.695	0	0.699	0.726	0.703	0.763	0.932	0.710	0.693	0.737	0.724	0.835	0.821	0.867	0.846	0.867	0.879	0.824	0.667	0.806	0.859	0.823	0.671	0.679	0.646	0.697	0.616	0.691	0.863	0.851	0.840	0.839	0.863	0.797	0.783	0.829	0.875	0.788	0.724
A14	0.605	0.584	0.626	0.565	0.536	0.699	0	0.637	0.670	0.683	0.953	0.640	0.584	0.697	0.676	0.832	0.810	0.862	0.852	0.841	0.864	0.827	0.586	0.824	0.840	0.808	0.599	0.593	0.563	0.603	0.618	0.578	0.850	0.865	0.782	0.791	0.873	0.769	0.747	0.848	0.829	0.765	0.778
A15	0.644	0.639	0.653	0.630	0.603	0.726	0.637	0	0.680	0.629	0.938	0.627	0.637	0.664	0.657	0.791	0.784	0.821	0.806	0.831	0.859	0.793	0.623	0.792	0.830	0.804	0.637	0.629	0.616	0.617	0.641	0.624	0.840	0.841	0.756	0.767	0.858	0.763	0.753	0.845	0.802	0.788	0.769
A16	0.683	0.667	0.653	0.670	0.665	0.703	0.670	0.680	0	0.707	0.932	0.690	0.662	0.703	0.704	0.818	0.807	0.839	0.822	0.810	0.845	0.825	0.675	0.794	0.827	0.782	0.651	0.661	0.645	0.683	0.685	0.639	0.844	0.844	0.815	0.809	0.870	0.794	0.803	0.845	0.862	0.815	0.789
A17	0.709	0.708	0.681	0.715	0.686	0.763	0.683	0.629	0.707	0	0.924	0.646	0.675	0.638	0.661	0.761	0.739	0.815	0.784	0.780	0.826	0.755	0.715	0.763	0.773	0.764	0.678	0.682	0.696	0.689	0.694	0.685	0.804	0.823	0.785	0.772	0.854	0.773	0.771	0.830	0.832	0.805	0.748
A18	0.955	0.951	0.940	0.950	0.952	0.932	0.953	0.938	0.932	0.924	0	0.932	0.950	0.920	0.929	0.864	0.868	0.803	0.875	0.869	0.846	0.862	0.948	0.876	0.887	0.897	0.950	0.942	0.945	0.943	0.932	0.943	0.880	0.861	0.933	0.931	0.906	0.928	0.935	0.893	0.919	0.953	0.920
A19	0.663	0.680	0.635	0.668	0.641	0.710	0.640	0.627	0.690	0.646	0.932	0	0.635	0.658	0.665	0.787	0.780	0.824	0.802	0.815	0.840	0.778	0.676	0.795	0.826	0.793	0.656	0.658	0.625	0.653	0.647	0.649	0.803	0.812	0.756	0.760	0.839	0.760	0.748	0.815	0.821	0.776	0.752
A2	0.595	0.555	0.614	0.586	0.553	0.693	0.584	0.637	0.662	0.675	0.950	0.635	0	0.696	0.644	0.831	0.825	0.864	0.829	0.850	0.869	0.828	0.561	0.834	0.845	0.816	0.563	0.565	0.565	0.581	0.605	0.601	0.851	0.862	0.782	0.787	0.868	0.756	0.760	0.848	0.842	0.761	0.776
A20	0.736	0.702	0.649	0.690	0.699	0.737	0.697	0.664	0.703	0.638	0.920	0.658	0.696	0	0.706	0.783	0.754	0.809	0.788	0.789	0.782	0.755	0.704	0.772	0.804	0.780	0.675	0.704	0.682	0.679	0.681	0.694	0.811	0.817	0.781	0.779	0.847	0.769	0.783	0.820	0.800	0.814	0.761
A21	0.698	0.681	0.667	0.689	0.703	0.724	0.676	0.657	0.704	0.661	0.929	0.665	0.644	0.706	0	0.790	0.775	0.817	0.798	0.787	0.827	0.780	0.690	0.791	0.805	0.775	0.675	0.655	0.648	0.684	0.667	0.678	0.811	0.813	0.802	0.792	0.860	0.769	0.754	0.820	0.845	0.795	0.750
A23	0.854	0.857	0.783	0.854	0.847	0.835	0.832	0.791	0.818	0.761	0.864	0.787	0.831	0.783	0.790	0	0.734	0.753	0.742	0.719	0.780	0.736	0.857	0.748	0.760	0.787	0.850	0.837	0.852	0.824	0.816	0.840	0.722	0.744	0.809	0.791	0.782	0.817	0.824	0.735	0.834	0.846	0.788
A24	0.825	0.829	0.780	0.818	0.813	0.821	0.810	0.784	0.807	0.739	0.868	0.780	0.825	0.754	0.775	0.734	0	0.742	0.764	0.724	0.740	0.696	0.829	0.732	0.744	0.768	0.827	0.814	0.834	0.818	0.780	0.807	0.796	0.788	0.809	0.796	0.836	0.809	0.814	0.781	0.828	0.862	0.788
A25	0.877	0.879	0.821	0.867	0.869	0.867	0.862	0.821	0.839	0.815	0.803	0.824	0.864	0.809	0.817	0.753	0.742	0	0.772	0.766	0.770	0.738	0.871	0.743	0.770	0.780	0.872	0.867	0.867	0.864	0.847	0.866	0.760	0.785	0.871	0.863	0.833	0.879	0.878	0.805	0.850	0.873	0.848
A26	0.860	0.849	0.779	0.837	0.832	0.846	0.852	0.806	0.822	0.784	0.875	0.802	0.829	0.788	0.798	0.742	0.764	0.772	0	0.754	0.793	0.728	0.853	0.740	0.798	0.803	0.838	0.826	0.840	0.819	0.833	0.810	0.783	0.787	0.822	0.819	0.843	0.838	0.835	0.785	0.840	0.867	0.824
A27	0.836	0.851	0.813	0.857	0.858	0.867	0.841	0.831	0.810	0.780	0.869	0.815	0.850	0.789	0.787	0.719	0.724	0.766	0.754	0	0.750	0.741	0.862	0.711	0.746	0.749	0.840	0.840	0.860	0.853	0.830	0.822	0.749	0.742	0.825	0.793	0.843	0.831	0.852	0.826	0.824	0.847	0.837
A28	0.887	0.885	0.833	0.876	0.865	0.879	0.864	0.859	0.845	0.826	0.846	0.840	0.869	0.782	0.827	0.780	0.740	0.770	0.793	0.750	0	0.743	0.879	0.713	0.763	0.757	0.872	0.866	0.876	0.854	0.868	0.862	0.744	0.758	0.819	0.810	0.846	0.833	0.850	0.795	0.805	0.887	0.832
A29	0.839	0.841	0.774	0.834	0.827	0.824	0.827	0.793	0.825	0.755	0.862	0.778	0.828	0.755	0.780	0.736	0.696	0.738	0.728	0.741	0.743	0	0.832	0.710	0.759	0.780	0.827	0.812	0.835	0.816	0.800	0.828	0.729	0.761	0.806	0.801	0.837	0.814	0.825	0.793	0.820	0.826	0.793
A3	0.547	0.518	0.619	0.554	0.509	0.667	0.586	0.623	0.675	0.715	0.948	0.676	0.561	0.704	0.690	0.857	0.829	0.871	0.853	0.862	0.879	0.832	0	0.836	0.871	0.822	0.507	0.544	0.531	0.565	0.581	0.581	0.872	0.867	0.793	0.781	0.887	0.756	0.749	0.852	0.840	0.738	0.773
A30	0.826	0.841	0.756	0.846	0.829	0.806	0.824	0.792	0.794	0.763	0.876	0.795	0.834	0.772	0.791	0.748	0.732	0.743	0.740	0.711	0.713	0.710	0.836	0	0.726	0.732	0.832	0.818	0.835	0.821	0.800	0.799	0.721	0.704	0.833	0.810	0.837	0.830	0.843	0.771	0.824	0.857	0.806
A32	0.863	0.855	0.823	0.858	0.854	0.859	0.840	0.830	0.827	0.773	0.887	0.826	0.845	0.804	0.805	0.760	0.744	0.770	0.798	0.746	0.763	0.759	0.871	0.726	0	0.775	0.854	0.836	0.868	0.837	0.835	0.847	0.768	0.779	0.853	0.830	0.831	0.857	0.863	0.804	0.852	0.848	0.829
A34	0.828	0.830	0.805	0.830	0.793	0.823	0.808	0.804	0.782	0.764	0.897	0.793	0.816	0.780	0.775	0.787	0.768	0.780	0.803	0.749	0.757	0.780	0.822	0.732	0.775	0	0.826	0.815	0.813	0.810	0.822	0.822	0.772	0.787	0.828	0.833	0.839	0.826	0.829	0.785	0.844	0.854	0.807
A4	0.551	0.509	0.603	0.565	0.531	0.671	0.599	0.637	0.651	0.678	0.950	0.656	0.563	0.675	0.675	0.850	0.827	0.872	0.838	0.840	0.872	0.827	0.507	0.832	0.854	0.826	0	0.528	0.531	0.543	0.583	0.576	0.871	0.868	0.779	0.775	0.863	0.733	0.733	0.849	0.830	0.755	0.754
A5	0.570	0.542	0.616	0.561	0.558	0.679	0.593	0.629	0.661	0.682	0.942	0.658	0.565	0.704	0.655	0.837	0.814	0.867	0.826	0.840	0.866	0.812	0.544	0.818	0.836	0.815	0.528	0	0.562	0.566	0.570	0.601	0.855	0.852	0.796	0.785	0.874	0.768	0.744	0.860	0.826	0.774	0.766
A6	0.579	0.519	0.609	0.551	0.543	0.646	0.563	0.616	0.645	0.696	0.945	0.625	0.565	0.682	0.648	0.852	0.834	0.867	0.840	0.860	0.876	0.835	0.531	0.835	0.868	0.813	0.531	0.562	0	0.545	0.567	0.562	0.861	0.853	0.783	0.786	0.852	0.755	0.737	0.833	0.835	0.754	0.758
A7	0.590	0.572	0.604	0.599	0.581	0.697	0.603	0.617	0.683	0.689	0.943	0.653	0.581	0.679	0.684	0.824	0.818	0.864	0.819	0.853	0.854	0.816	0.565	0.821	0.837	0.810	0.543	0.566	0.545	0	0.601	0.614	0.865	0.867	0.755	0.769	0.854	0.741	0.719	0.826	0.811	0.759	0.747
A8	0.623	0.585	0.611	0.607	0.610	0.616	0.618	0.641	0.685	0.694	0.932	0.647	0.605	0.681	0.667	0.816	0.780	0.847	0.833	0.830	0.868	0.800	0.581	0.800	0.835	0.822	0.583	0.570	0.567	0.601	0	0.620	0.853	0.835	0.788	0.771	0.864	0.746	0.743	0.841	0.843	0.763	0.721
A9	0.605	0.542	0.616	0.572	0.575	0.691	0.578	0.624	0.639	0.685	0.943	0.649	0.601	0.694	0.678	0.840	0.807	0.866	0.810	0.822	0.862	0.828	0.581	0.799	0.847	0.822	0.576	0.601	0.562	0.614	0.620	0	0.856	0.847	0.783	0.777	0.886	0.769	0.761	0.861	0.831	0.763	0.789
BS2	0.868	0.878	0.829	0.868	0.862	0.863	0.850	0.840	0.844	0.804	0.880	0.803	0.851	0.811	0.811	0.722	0.796	0.760	0.783	0.749	0.744	0.729	0.872	0.721	0.768	0.772	0.871	0.855	0.861	0.865	0.853	0.856	0	0.770	0.836	0.829	0.825	0.847	0.846	0.786	0.832	0.851	0.825
C32	0.870	0.870	0.840	0.858	0.864	0.851	0.865	0.841	0.844	0.823	0.861	0.812	0.862	0.817	0.813	0.744	0.788	0.785	0.787	0.742	0.758	0.761	0.867	0.704	0.779	0.787	0.868	0.852	0.853	0.867	0.835	0.847	0.770	0	0.852	0.830	0.831	0.830	0.846	0.805	0.851	0.848	0.809
G0	0.761	0.780	0.766	0.798	0.783	0.840	0.782	0.756	0.815	0.785	0.933	0.756	0.782	0.781	0.802	0.809	0.809	0.871	0.822	0.825	0.819	0.806	0.793	0.833	0.853	0.828	0.779	0.796	0.783	0.755	0.788	0.783	0.836	0.852	0	0.396	0.717	0.521	0.510	0.757	0.600	0.679	0.700
G1	0.767	0.781	0.770	0.786	0.787	0.839	0.791	0.767	0.809	0.772	0.931	0.760	0.787	0.779	0.792	0.791	0.796	0.863	0.819	0.793	0.810	0.801	0.781	0.810	0.830	0.833	0.775	0.785	0.786	0.769	0.771	0.777	0.829	0.830	0.396	0	0.751	0.535	0.537	0.767	0.632	0.678	0.701
G2	0.865	0.882	0.848	0.878	0.866	0.863	0.873	0.858	0.870	0.854	0.906	0.839	0.868	0.847	0.860	0.782	0.836	0.833	0.843	0.843	0.846	0.837	0.887	0.837	0.831	0.839	0.863	0.874	0.852	0.854	0.864	0.886	0.825	0.831	0.717	0.751	0	0.749	0.730	0.638	0.745	0.819	0.791
G3	0.748	0.758	0.752	0.763	0.759	0.797	0.769	0.763	0.794	0.773	0.928	0.760	0.756	0.769	0.769	0.817	0.809	0.879	0.838	0.831	0.833	0.814	0.756	0.830	0.857	0.826	0.733	0.768	0.755	0.741	0.746	0.769	0.847	0.830	0.521	0.535	0.749	0	0.497	0.747	0.686	0.667	0.634
G4	0.745	0.742	0.757	0.780	0.754	0.783	0.747	0.753	0.803	0.771	0.935	0.748	0.760	0.783	0.754	0.824	0.814	0.878	0.835	0.852	0.850	0.825	0.749	0.843	0.863	0.829	0.733	0.744	0.737	0.719	0.743	0.761	0.846	0.846	0.510	0.537	0.730	0.497	0	0.757	0.721	0.699	0.671
G5	0.858	0.874	0.811	0.855	0.854	0.829	0.848	0.845	0.845	0.830	0.893	0.815	0.848	0.820	0.820	0.735	0.781	0.805	0.785	0.826	0.795	0.793	0.852	0.771	0.804	0.785	0.849	0.860	0.833	0.826	0.841	0.861	0.786	0.805	0.757	0.767	0.638	0.747	0.757	0	0.805	0.833	0.756
GR01	0.804	0.829	0.812	0.843	0.827	0.875	0.829	0.802	0.862	0.832	0.919	0.821	0.842	0.800	0.845	0.834	0.828	0.850	0.840	0.824	0.805	0.820	0.840	0.824	0.852	0.844	0.830	0.826	0.835	0.811	0.843	0.831	0.832	0.851	0.600	0.632	0.745	0.686	0.721	0.805	0	0.746	0.769
LW1	0.699	0.733	0.773	0.772	0.741	0.788	0.765	0.788	0.815	0.805	0.953	0.776	0.761	0.814	0.795	0.846	0.862	0.873	0.867	0.847	0.887	0.826	0.738	0.857	0.848	0.854	0.755	0.774	0.754	0.759	0.763	0.763	0.851	0.848	0.679	0.678	0.819	0.667	0.699	0.833	0.746	0	0.689
T1	0.773	0.779	0.745	0.791	0.786	0.724	0.778	0.769	0.789	0.748	0.920	0.752	0.776	0.761	0.750	0.788	0.788	0.848	0.824	0.837	0.832	0.793	0.773	0.806	0.829	0.807	0.754	0.766	0.758	0.747	0.721	0.789	0.825	0.809	0.700	0.701	0.791	0.634	0.671	0.756	0.769	0.689	0
