unifrac	A0	A1	A10	A11	A12	A13	A14	A15	A16	A17	A18	A19	A2	A20	A21	A23	A24	A25	A26	A27	A28	A29	A3	A30	A32	A34	A4	A5	A6	A7	A8	A9	BS2	CS2	G0	G1	G2	G3	G4	G5	GR01	LW1	T1
A0	0	0.310	0.437	0.292	0.344	0.452	0.398	0.448	0.403	0.402	0.822	0.329	0.424	0.416	0.419	0.667	0.709	0.671	0.753	0.758	0.787	0.675	0.327	0.698	0.780	0.684	0.346	0.387	0.338	0.433	0.412	0.425	0.744	0.693	0.626	0.714	0.726	0.604	0.535	0.785	0.840	0.602	0.551
A1	0.310	0	0.277	0.162	0.111	0.270	0.146	0.280	0.192	0.255	0.674	0.190	0.182	0.219	0.248	0.496	0.559	0.520	0.600	0.597	0.632	0.523	0.180	0.545	0.628	0.528	0.125	0.142	0.120	0.237	0.199	0.233	0.580	0.539	0.567	0.653	0.622	0.512	0.440	0.623	0.845	0.574	0.508
A10	0.437	0.277	0	0.308	0.250	0.249	0.205	0.132	0.151	0.131	0.464	0.241	0.159	0.172	0.140	0.287	0.344	0.309	0.398	0.395	0.412	0.300	0.320	0.322	0.414	0.319	0.262	0.219	0.275	0.112	0.231	0.107	0.369	0.326	0.676	0.709	0.646	0.624	0.550	0.566	0.896	0.665	0.606
A11	0.292	0.162	0.308	0	0.162	0.333	0.220	0.345	0.263	0.289	0.735	0.259	0.278	0.311	0.284	0.562	0.614	0.577	0.646	0.657	0.665	0.569	0.145	0.587	0.686	0.570	0.184	0.228	0.156	0.308	0.281	0.300	0.631	0.591	0.609	0.694	0.627	0.549	0.463	0.689	0.844	0.576	0.525
A12	0.344	0.111	0.250	0.162	0	0.276	0.118	0.290	0.171	0.242	0.679	0.176	0.183	0.214	0.219	0.493	0.554	0.518	0.597	0.604	0.612	0.509	0.154	0.527	0.628	0.505	0.110	0.131	0.0973	0.243	0.186	0.229	0.575	0.523	0.571	0.655	0.632	0.514	0.436	0.635	0.852	0.581	0.516
A13	0.452	0.270	0.249	0.333	0.276	0	0.213	0.256	0.208	0.247	0.594	0.268	0.222	0.234	0.242	0.418	0.472	0.432	0.530	0.529	0.552	0.433	0.364	0.446	0.542	0.424	0.287	0.247	0.291	0.226	0.204	0.225	0.486	0.441	0.659	0.714	0.623	0.633	0.560	0.552	0.883	0.634	0.618
A14	0.398	0.146	0.205	0.220	0.118	0.213	0	0.208	0.120	0.191	0.590	0.181	0.116	0.129	0.164	0.406	0.467	0.433	0.513	0.517	0.528	0.426	0.220	0.442	0.541	0.430	0.167	0.116	0.150	0.173	0.143	0.156	0.498	0.448	0.576	0.653	0.638	0.542	0.476	0.560	0.859	0.606	0.555
A15	0.448	0.280	0.132	0.345	0.290	0.256	0.208	0	0.206	0.151	0.420	0.275	0.183	0.168	0.174	0.273	0.301	0.264	0.361	0.342	0.375	0.267	0.388	0.286	0.373	0.280	0.324	0.276	0.311	0.0995	0.253	0.130	0.344	0.288	0.657	0.731	0.641	0.666	0.604	0.566	0.861	0.653	0.636
A16	0.403	0.192	0.151	0.263	0.171	0.208	0.120	0.206	0	0.167	0.559	0.191	0.113	0.145	0.146	0.378	0.440	0.402	0.485	0.485	0.505	0.388	0.255	0.419	0.509	0.393	0.194	0.146	0.206	0.167	0.162	0.131	0.459	0.408	0.612	0.671	0.640	0.566	0.500	0.565	0.883	0.620	0.573
A17	0.402	0.255	0.131	0.289	0.242	0.247	0.191	0.151	0.167	0	0.513	0.201	0.186	0.139	0.112	0.346	0.395	0.370	0.459	0.442	0.461	0.347	0.337	0.373	0.466	0.358	0.289	0.246	0.270	0.155	0.243	0.153	0.423	0.368	0.646	0.722	0.643	0.638	0.564	0.568	0.859	0.667	0.565
A18	0.822	0.674	0.464	0.735	0.679	0.594	0.590	0.420	0.559	0.513	0	0.649	0.529	0.531	0.533	0.209	0.146	0.218	0.333	0.104	0.0985	0.229	0.759	0.234	0.0922	0.279	0.683	0.625	0.695	0.464	0.614	0.483	0.207	0.254	0.979	0.983	0.736	0.955	0.912	0.603	0.991	0.901	0.955
A19	0.329	0.190	0.241	0.259	0.176	0.268	0.181	0.275	0.191	0.201	0.649	0	0.245	0.202	0.173	0.464	0.529	0.496	0.579	0.578	0.589	0.465	0.259	0.502	0.601	0.478	0.232	0.210	0.205	0.252	0.214	0.245	0.536	0.500	0.600	0.678	0.638	0.587	0.516	0.608	0.849	0.639	0.533
A2	0.424	0.182	0.159	0.278	0.183	0.222	0.116	0.183	0.113	0.186	0.529	0.245	0	0.121	0.171	0.353	0.410	0.376	0.456	0.464	0.482	0.376	0.260	0.396	0.482	0.387	0.183	0.143	0.200	0.129	0.167	0.102	0.438	0.398	0.614	0.666	0.635	0.559	0.493	0.559	0.887	0.613	0.591
A20	0.416	0.219	0.172	0.311	0.214	0.234	0.129	0.168	0.145	0.139	0.531	0.202	0.121	0	0.130	0.347	0.407	0.359	0.469	0.461	0.478	0.369	0.307	0.389	0.483	0.372	0.246	0.201	0.232	0.142	0.181	0.147	0.442	0.393	0.579	0.657	0.648	0.592	0.530	0.566	0.849	0.664	0.554
A21	0.419	0.248	0.140	0.284	0.219	0.242	0.164	0.174	0.146	0.112	0.533	0.173	0.171	0.130	0	0.346	0.411	0.381	0.468	0.458	0.453	0.347	0.307	0.384	0.484	0.361	0.276	0.228	0.217	0.157	0.193	0.156	0.424	0.382	0.630	0.707	0.647	0.623	0.555	0.568	0.861	0.661	0.577
A23	0.667	0.496	0.287	0.562	0.493	0.418	0.406	0.273	0.378	0.346	0.209	0.464	0.353	0.347	0.346	0	0.106	0.096	0.285	0.146	0.165	0.142	0.585	0.153	0.164	0.203	0.505	0.447	0.511	0.281	0.427	0.302	0.155	0.156	0.820	0.827	0.661	0.797	0.747	0.578	0.962	0.815	0.796
A24	0.709	0.559	0.344	0.614	0.554	0.472	0.467	0.301	0.440	0.395	0.146	0.529	0.410	0.407	0.411	0.106	0	0.111	0.281	0.0823	0.0986	0.140	0.644	0.158	0.0983	0.196	0.566	0.508	0.573	0.343	0.488	0.362	0.150	0.160	0.883	0.890	0.664	0.861	0.810	0.575	0.949	0.807	0.861
A25	0.671	0.520	0.309	0.577	0.518	0.432	0.433	0.264	0.402	0.370	0.218	0.496	0.376	0.359	0.381	0.096	0.111	0	0.285	0.148	0.181	0.128	0.606	0.149	0.171	0.169	0.529	0.471	0.534	0.311	0.453	0.328	0.145	0.141	0.844	0.857	0.662	0.821	0.764	0.580	0.932	0.787	0.836
A26	0.753	0.600	0.398	0.646	0.597	0.530	0.513	0.361	0.485	0.459	0.333	0.579	0.456	0.469	0.468	0.285	0.281	0.285	0	0.301	0.298	0.284	0.685	0.283	0.304	0.281	0.611	0.558	0.609	0.390	0.531	0.417	0.291	0.295	0.941	0.947	0.695	0.907	0.856	0.570	0.959	0.835	0.828
A27	0.758	0.597	0.395	0.657	0.604	0.529	0.517	0.342	0.485	0.442	0.104	0.578	0.464	0.461	0.458	0.146	0.0823	0.148	0.301	0	0.0815	0.169	0.695	0.187	0.0697	0.230	0.613	0.549	0.625	0.396	0.540	0.410	0.178	0.193	0.915	0.921	0.693	0.891	0.846	0.583	0.971	0.837	0.895
A28	0.787	0.632	0.412	0.665	0.612	0.552	0.528	0.375	0.505	0.461	0.0985	0.589	0.482	0.478	0.453	0.165	0.0986	0.181	0.298	0.0815	0	0.177	0.708	0.171	0.065	0.217	0.638	0.576	0.626	0.417	0.544	0.428	0.160	0.212	0.953	0.958	0.712	0.929	0.882	0.593	0.972	0.857	0.928
A29	0.675	0.523	0.300	0.569	0.509	0.433	0.426	0.267	0.388	0.347	0.229	0.465	0.376	0.369	0.347	0.142	0.140	0.128	0.284	0.169	0.177	0	0.579	0.0994	0.179	0.124	0.529	0.470	0.542	0.313	0.460	0.320	0.114	0.124	0.850	0.878	0.680	0.844	0.786	0.577	0.909	0.739	0.826
A3	0.327	0.180	0.320	0.145	0.154	0.364	0.220	0.388	0.255	0.337	0.759	0.259	0.260	0.307	0.307	0.585	0.644	0.606	0.685	0.695	0.708	0.579	0	0.622	0.713	0.595	0.147	0.197	0.157	0.334	0.257	0.313	0.635	0.611	0.567	0.642	0.656	0.494	0.410	0.713	0.861	0.570	0.467
A30	0.698	0.545	0.322	0.587	0.527	0.446	0.442	0.286	0.419	0.373	0.234	0.502	0.396	0.389	0.384	0.153	0.158	0.149	0.283	0.187	0.171	0.0994	0.622	0	0.168	0.132	0.553	0.488	0.557	0.329	0.469	0.341	0.135	0.113	0.869	0.884	0.697	0.851	0.797	0.580	0.924	0.770	0.846
A32	0.780	0.628	0.414	0.686	0.628	0.542	0.541	0.373	0.509	0.466	0.0922	0.601	0.482	0.483	0.484	0.164	0.0983	0.171	0.304	0.0697	0.065	0.179	0.713	0.168	0	0.213	0.634	0.577	0.646	0.415	0.563	0.435	0.159	0.195	0.941	0.948	0.704	0.919	0.873	0.587	0.962	0.859	0.917
A34	0.684	0.528	0.319	0.570	0.505	0.424	0.430	0.280	0.393	0.358	0.279	0.478	0.387	0.372	0.361	0.203	0.196	0.169	0.281	0.230	0.217	0.124	0.595	0.132	0.213	0	0.538	0.485	0.538	0.322	0.456	0.329	0.158	0.136	0.856	0.895	0.693	0.858	0.798	0.577	0.890	0.752	0.845
A4	0.346	0.125	0.262	0.184	0.110	0.287	0.167	0.324	0.194	0.289	0.683	0.232	0.183	0.246	0.276	0.505	0.566	0.529	0.611	0.613	0.638	0.529	0.147	0.553	0.634	0.538	0	0.0992	0.115	0.270	0.154	0.237	0.591	0.549	0.559	0.617	0.626	0.465	0.382	0.635	0.877	0.586	0.483
A5	0.387	0.142	0.219	0.228	0.131	0.247	0.116	0.276	0.146	0.246	0.625	0.210	0.143	0.201	0.228	0.447	0.508	0.471	0.558	0.549	0.576	0.470	0.197	0.488	0.577	0.485	0.0992	0	0.165	0.238	0.128	0.198	0.533	0.493	0.566	0.612	0.636	0.476	0.405	0.584	0.890	0.606	0.524
A6	0.338	0.120	0.275	0.156	0.0973	0.291	0.150	0.311	0.206	0.270	0.695	0.205	0.200	0.232	0.217	0.511	0.573	0.534	0.609	0.625	0.626	0.542	0.157	0.557	0.646	0.538	0.115	0.165	0	0.253	0.168	0.256	0.603	0.563	0.560	0.645	0.623	0.499	0.417	0.646	0.845	0.586	0.488
A7	0.433	0.237	0.112	0.308	0.243	0.226	0.173	0.0995	0.167	0.155	0.464	0.252	0.129	0.142	0.157	0.281	0.343	0.311	0.390	0.396	0.417	0.313	0.334	0.329	0.415	0.322	0.270	0.238	0.253	0	0.204	0.0869	0.378	0.332	0.623	0.701	0.632	0.628	0.564	0.557	0.861	0.636	0.603
A8	0.412	0.199	0.231	0.281	0.186	0.204	0.143	0.253	0.162	0.243	0.614	0.214	0.167	0.181	0.193	0.427	0.488	0.453	0.531	0.540	0.544	0.460	0.257	0.469	0.563	0.456	0.154	0.128	0.168	0.204	0	0.196	0.513	0.477	0.557	0.614	0.630	0.507	0.441	0.566	0.879	0.620	0.504
A9	0.425	0.233	0.107	0.300	0.229	0.225	0.156	0.130	0.131	0.153	0.483	0.245	0.102	0.147	0.156	0.302	0.362	0.328	0.417	0.410	0.428	0.320	0.313	0.341	0.435	0.329	0.237	0.198	0.256	0.0869	0.196	0	0.391	0.342	0.639	0.691	0.638	0.605	0.541	0.561	0.882	0.617	0.623
BS2	0.744	0.580	0.369	0.631	0.575	0.486	0.498	0.344	0.459	0.423	0.207	0.536	0.438	0.442	0.424	0.155	0.150	0.145	0.291	0.178	0.160	0.114	0.635	0.135	0.159	0.158	0.591	0.533	0.603	0.378	0.513	0.391	0	0.162	0.920	0.926	0.683	0.887	0.833	0.575	0.943	0.798	0.878
CS2	0.693	0.539	0.326	0.591	0.523	0.441	0.448	0.288	0.408	0.368	0.254	0.500	0.398	0.393	0.382	0.156	0.160	0.141	0.295	0.193	0.212	0.124	0.611	0.113	0.195	0.136	0.549	0.493	0.563	0.332	0.477	0.342	0.162	0	0.866	0.903	0.677	0.870	0.812	0.582	0.929	0.767	0.844
G0	0.626	0.567	0.676	0.609	0.571	0.659	0.576	0.657	0.612	0.646	0.979	0.600	0.614	0.579	0.630	0.820	0.883	0.844	0.941	0.915	0.953	0.850	0.567	0.869	0.941	0.856	0.559	0.566	0.560	0.623	0.557	0.639	0.920	0.866	0	0.115	0.889	0.194	0.290	0.941	0.849	0.731	0.370
G1	0.714	0.653	0.709	0.694	0.655	0.714	0.653	0.731	0.671	0.722	0.983	0.678	0.666	0.657	0.707	0.827	0.890	0.857	0.947	0.921	0.958	0.878	0.642	0.884	0.948	0.895	0.617	0.612	0.645	0.701	0.614	0.691	0.926	0.903	0.115	0	0.901	0.220	0.326	0.945	0.915	0.783	0.451
G2	0.726	0.622	0.646	0.627	0.632	0.623	0.638	0.641	0.640	0.643	0.736	0.638	0.635	0.648	0.647	0.661	0.664	0.662	0.695	0.693	0.712	0.680	0.656	0.697	0.704	0.693	0.626	0.636	0.623	0.632	0.630	0.638	0.683	0.677	0.889	0.901	0	0.847	0.786	0.631	0.823	0.759	0.854
G3	0.604	0.512	0.624	0.549	0.514	0.633	0.542	0.666	0.566	0.638	0.955	0.587	0.559	0.592	0.623	0.797	0.861	0.821	0.907	0.891	0.929	0.844	0.494	0.851	0.919	0.858	0.465	0.476	0.499	0.628	0.507	0.605	0.887	0.870	0.194	0.220	0.847	0	0.144	0.896	0.888	0.680	0.334
G4	0.535	0.440	0.550	0.463	0.436	0.560	0.476	0.604	0.500	0.564	0.912	0.516	0.493	0.530	0.555	0.747	0.810	0.764	0.856	0.846	0.882	0.786	0.410	0.797	0.873	0.798	0.382	0.405	0.417	0.564	0.441	0.541	0.833	0.812	0.290	0.326	0.786	0.144	0	0.843	0.884	0.605	0.294
G5	0.785	0.623	0.566	0.689	0.635	0.552	0.560	0.566	0.565	0.568	0.603	0.608	0.559	0.566	0.568	0.578	0.575	0.580	0.570	0.583	0.593	0.577	0.713	0.580	0.587	0.577	0.635	0.584	0.646	0.557	0.566	0.561	0.575	0.582	0.941	0.945	0.631	0.896	0.843	0	0.967	0.849	0.914
GR01	0.840	0.845	0.896	0.844	0.852	0.883	0.859	0.861	0.883	0.859	0.991	0.849	0.887	0.849	0.861	0.962	0.949	0.932	0.959	0.971	0.972	0.909	0.861	0.924	0.962	0.890	0.877	0.890	0.845	0.861	0.879	0.882	0.943	0.929	0.849	0.915	0.823	0.888	0.884	0.967	0	0.871	0.864
LW1	0.602	0.574	0.665	0.576	0.581	0.634	0.606	0.653	0.620	0.667	0.901	0.639	0.613	0.664	0.661	0.815	0.807	0.787	0.835	0.837	0.857	0.739	0.570	0.770	0.859	0.752	0.586	0.606	0.586	0.636	0.620	0.617	0.798	0.767	0.731	0.783	0.759	0.680	0.605	0.849	0.871	0	0.721
T1	0.551	0.508	0.606	0.525	0.516	0.618	0.555	0.636	0.573	0.565	0.955	0.533	0.591	0.554	0.577	0.796	0.861	0.836	0.828	0.895	0.928	0.826	0.467	0.846	0.917	0.845	0.483	0.524	0.488	0.603	0.504	0.623	0.878	0.844	0.370	0.451	0.854	0.334	0.294	0.914	0.864	0.721	0
