Class	SSF	SSF	SSF	SSF	SSF	SSF	SSF	SSF	SSF	SSF	SSF	SSF	SSF	SSF	SST	SST	SST	SST	SST	SST	SST	SST	SSF	SST	SST	SST	SSF	SSF	SSF	SSF	SSF	SSF	SSP	SSP	SSP	SSP	SSP	SSP	SSP	SSP	SSP	SSP	SSP
k__Fungi	65.8134255305855	54.7394448138298	40.497067059088	58.5315070730164	55.6344716521452	36.1490600712973	50.3800753970706	35.5042103953209	46.2705461970393	43.3728075530053	0.360218751023349	56.7069018879604	44.8501564301004	47.0922190796672	48.0609959103146	18.3189387991239	10.893536121673	17.01434822428	29.4593540173713	7.39728296885355	7.84433952623296	18.4382944422628	64.5494708722901	19.1421043965091	5.12825749530267	17.8203842769741	57.4848535846516	52.5992816829143	60.5271938605272	40.1583146347544	52.5193758608638	40.0447106115919	12.3608978269558	18.2731625125855	91.2639827967661	93.9878777984123	61.0468284911751	88.0087850735853	82.2009273570325	56.7281442117328	82.0684092977087	67.9483360285982	89.4525616103342
k__Spike	16.9870660029575	31.9398271276596	52.7827171091626	26.0752413807181	31.2198042697279	39.2312291034697	40.3188925282739	57.6450823412287	43.3690658499234	48.0446017987222	98.4445099387628	34.4186526359228	46.2374444261485	46.1198620945932	45.9195626708317	78.2676970122732	84.9133924799324	77.2809606187036	66.1526457362272	89.0801027170312	89.723465571157	76.4070024595416	23.575464913182	75.9756298369834	90.0416632628053	71.6171144441489	30.6883204308314	36.9522832221652	29.9153319986653	52.9502202277071	37.8965113171474	51.1998031092334	78.4273302900898	73.5631947726385	1.48874139321382	1.16120079182058	26.1770007965455	3.88965290748989	8.31117980422463	38.966343649057	0.533542890230788	9.25610690271512	3.6621308083025
k__Fungi|p__Ascomycota	13.3984545852165	2.12558178191489	1.00966746377256	3.53957010757517	2.76045752983441	1.08938733033678	2.76455925674145	1.08889534160202	1.30678917815212	1.21678264762137	0.00327471591839408	2.54616733725369	1.48814424501894	1.91581163938149	5.13163032532522	0.894665068804496	0.982256020278834	0.531189579729317	1.41270199790559	0.668903247183565	2.95542338586057	0.822602980385673	2.04870029795541	1.19380866128767	0.357405440731966	1.52442143602545	1.72711208347358	1.24987172909184	6.60452118785452	1.29643480428821	4.06430524433115	1.51154682308544	0.0904558554389213	0.0636981938479873	9.31910758224262	7.53045856207016	0.345868444220853	6.93363985303475	6.01545595054096	0.848181723455246	14.982628836132	2.30445144267597	0.932254760561025
k__Fungi|p__Basidiomycota	14.0857684377148	17.1230884308511	15.0285118646146	14.4848843617955	19.4656646157658	12.6453069990922	18.3342603464969	10.3082092338325	17.7968351199592	13.6206405404306	0.039296591020729	18.8218301867327	18.3043800428124	17.8368669873449	16.4080642840995	12.678209843382	5.02957329953528	6.49231708558054	1.54206279131845	2.69632206759443	2.25233511149263	6.92391955852262	23.2405219356827	2.08504857566277	0.465648231353648	2.87696179738495	23.1130090878492	22.6741918932786	19.0044210877544	14.9941826643397	22.8953806303065	15.7204971491858	4.82571470643919	6.71502249984589	58.0154250149908	67.6067835350299	4.17976774409927	52.5257086557606	42.9489953632148	1.24205480879441	11.3719083464306	9.69231423950975	39.2445810079221
k__Fungi|p__Chytridiomycota	0	0	0.0102193063134874	0.00204127457184266	0.00412933063550399	0.00221420189092841	0.0185402632717385	0	0.287901990811639	0	0	0.0165067574538327	0	0.00206445219760936	0	0	0.00211237853823405	0.00203520911773685	9.0798956900269	0.00828363154406892	0.00204386126269749	0	0	0.047340688292442	0.00204231680418266	0	0.00420733759676876	0.0266803488968702	0.00417083750417084	0.018698578908003	0	0.0123056729152139	0	0	0	0.00204077467806779	0	0	0.00412158681092221	0	0	0.00212784066729083	0.00209025731067494
k__Fungi|p__Rozellomycota	0.0124966154999688	0.0477892287234043	0	0.0102063728592133	0.0289053144485279	0.0575692491641388	0.0267803802814	0	0	0	0	0	0	0	0.0945354405146016	0	0.0971694127587664	0.00203520911773685	0	0.00207090788601723	0.00204386126269749	0.00413368331852097	0.00410972978526662	0	0.00204231680418266	0	0.0294513631773814	0.0472036942021549	0	0.051940496966675	0.0904549472688773	0.0287132368021658	0.00210362454509119	0	0	0.00204077467806779	0	0.0041051745725487	0.00412158681092221	0	0.00413599139713789	4.35781768661163	0.00627077193202483
k__Fungi|p__Unassigned	38.3167058921542	35.4429853723404	24.4486684243874	40.4948049562147	33.375314861461	22.3545822908133	29.2359351502791	24.1071058198863	26.8790199081164	28.5353843649534	0.317647444084226	35.3223976065202	25.0576321422691	27.3374760007432	26.4267658603753	4.74606388693748	4.78242501056189	9.98677114073471	17.4246935381204	4.02170311464546	2.63249330635436	10.687638220036	39.2561389088667	15.8159064712663	4.30111918960869	13.4190010435637	32.6110737125547	28.6013340174448	34.9140807474141	23.7970580902518	25.4692350389573	22.7716477296033	7.44262364053264	11.4944418188917	23.9294501995327	18.8465541519561	56.521192302855	28.5453313902174	33.2282328696548	54.6379076794832	55.7097361237489	51.5916248191335	49.2673648126084
k__Spike|p__Spike	16.9870660029575	31.9398271276596	52.7827171091626	26.0752413807181	31.2198042697279	39.2312291034697	40.3188925282739	57.6450823412287	43.3690658499234	48.0446017987222	98.4445099387628	34.4186526359228	46.2374444261485	46.1198620945932	45.9195626708317	78.2676970122732	84.9133924799324	77.2809606187036	66.1526457362272	89.0801027170312	89.723465571157	76.4070024595416	23.575464913182	75.9756298369834	90.0416632628053	71.6171144441489	30.6883204308314	36.9522832221652	29.9153319986653	52.9502202277071	37.8965113171474	51.1998031092334	78.4273302900898	73.5631947726385	1.48874139321382	1.16120079182058	26.1770007965455	3.88965290748989	8.31117980422463	38.966343649057	0.533542890230788	9.25610690271512	3.6621308083025
k__Fungi|p__Ascomycota|c__Dothideomycetes	0.15204215524962	0.428025265957447	0.128763259549942	0.257200596052175	0.303505801709543	0.0686402586187809	0.228663247018108	0.0518521591239059	0.310362429811128	0.0712163756969031	0	0.321881770349737	0.0452823974971184	0.19405850657528	0.0760393760660926	0.0309930162403405	0.00633713561470216	0.0142464638241579	0.00616003778156506	0.0372763419483101	0	0.276956782340905	0.474673790198294	0.00411658159064713	0.00204231680418266	0.00204620326983283	0.317653988556042	0.176500769625449	0.44627961294628	0.16620959029336	0.133626626647205	0.170228475327126	0.00210362454509119	0.00205478044670927	0.423877757790046	0.406114160935491	0.0545004821196495	1.53533529013321	0.919113858835652	0.0687714910909659	13.7438994126892	0.0872414673589242	0.0313538596601242
k__Fungi|p__Ascomycota|c__Pezizomycetes	12.9173348884677	1.05551861702128	0.329061663294296	1.2247647431056	0.701986208035677	0.183778756947058	0.739550501617123	0.253038536524661	0.490045941807044	0.256378952508851	0	0.13411740431239	0.62366211098304	0.187865149982452	0.0719291395219795	0.0123972064961362	0.0739332488381918	0.0569858552966317	0.00821338370875341	0.101474486414844	0.0592719766182272	0.0351363082074282	1.28429055789582	0.0391075251111477	0.0285924352585573	0.0695709111743161	0.860400538539212	0.796305797845049	0.886302969636303	0.243081525804039	0.281643813087186	0.498379753066164	0.0778341081683741	0	0	0	0	0	0	0	0	0	0
k__Fungi|p__Ascomycota|c__Sordariomycetes	0.281173848749297	0.540226063829787	0.249351074049094	0.200044908040581	0.253953834083495	0.219205987201913	0.475866757307954	0.292446177458829	0.100051046452272	0.276726488422252	0.00327471591839408	0.839781285463737	0.306685328503211	0.737009434546543	0.44185042849216	0.022728211909583	0.114068441064639	0.0101760455886842	0.0266934970534486	0.053843605036448	0.0265701964150673	0.121943657896369	0.197267029692798	0.065865305450354	0.0142962176292787	0.345808352601747	0.256647593402895	0.145715751667522	0.381631631631632	0.189063408958697	0.0801759759883231	0.276877640592313	0.010518122725456	0.0102739022335463	8.4506751028679	6.44068488398196	0.289271789711986	3.86091668548205	3.16125708397733	0.775242263207252	1.23459343204566	2.0895395352796	0.861186011998077
k__Fungi|p__Ascomycota|c__Unassigned	0.0479036927498802	0.101811835106383	0.302491466879228	1.85755986037682	1.5010116860057	0.617762327569028	1.32047875079826	0.491558468494628	0.406329760081674	0.612460830993367	0	1.25038687712782	0.512514408035567	0.796878548277215	4.54181138124499	0.828546634158436	0.787917194761301	0.449781215019843	1.37163507936182	0.476308813783963	2.86958121282727	0.388566231940971	0.0924689201684989	1.08471924913552	0.312474471039948	1.10699596897956	0.292409962975429	0.131349409953822	4.89030697364031	0.698080279232112	3.56885882860843	0.56606095409984	0	0.0513695111677317	0.444554721584683	0.683659517152711	0.00209617238921729	1.53738787741949	1.93508500772798	0.00416796915702824	0.00413599139713789	0.12767044003745	0.0397148889028239
k__Fungi|p__Basidiomycota|c__Tremellomycetes	14.0857684377148	17.1230884308511	15.0285118646146	14.4848843617955	19.4656646157658	12.6453069990922	18.3342603464969	10.3082092338325	17.7968351199592	13.6206405404306	0.039296591020729	18.8218301867327	18.3043800428124	17.8368669873449	16.4080642840995	12.678209843382	5.02957329953528	6.49231708558054	1.54206279131845	2.69632206759443	2.25233511149263	6.92391955852262	23.2405219356827	2.08504857566277	0.465648231353648	2.87696179738495	23.1130090878492	22.6741918932786	19.0044210877544	14.9941826643397	22.8953806303065	15.7204971491858	4.82571470643919	6.71502249984589	58.0154250149908	67.6067835350299	4.17976774409927	52.5257086557606	42.9489953632148	1.24205480879441	11.3719083464306	9.69231423950975	39.2445810079221
k__Fungi|p__Chytridiomycota|c__Spizellomycetes	0	0	0.0102193063134874	0.00204127457184266	0.00412933063550399	0.00221420189092841	0.0185402632717385	0	0.287901990811639	0	0	0.0165067574538327	0	0.00206445219760936	0	0	0.00211237853823405	0.00203520911773685	9.0798956900269	0.00828363154406892	0.00204386126269749	0	0	0.047340688292442	0.00204231680418266	0	0.00420733759676876	0.0266803488968702	0.00417083750417084	0.018698578908003	0	0.0123056729152139	0	0	0	0.00204077467806779	0	0	0.00412158681092221	0	0	0.00212784066729083	0.00209025731067494
k__Fungi|p__Rozellomycota|c__Unassigned	0.0124966154999688	0.0477892287234043	0	0.0102063728592133	0.0289053144485279	0.0575692491641388	0.0267803802814	0	0	0	0	0	0	0	0.0945354405146016	0	0.0971694127587664	0.00203520911773685	0	0.00207090788601723	0.00204386126269749	0.00413368331852097	0.00410972978526662	0	0.00204231680418266	0	0.0294513631773814	0.0472036942021549	0	0.051940496966675	0.0904549472688773	0.0287132368021658	0.00210362454509119	0	0	0.00204077467806779	0	0.0041051745725487	0.00412158681092221	0	0.00413599139713789	4.35781768661163	0.00627077193202483
k__Fungi|p__Unassigned|c__Unassigned	38.3167058921542	35.4429853723404	24.4486684243874	40.4948049562147	33.375314861461	22.3545822908133	29.2359351502791	24.1071058198863	26.8790199081164	28.5353843649534	0.317647444084226	35.3223976065202	25.0576321422691	27.3374760007432	26.4267658603753	4.74606388693748	4.78242501056189	9.98677114073471	17.4246935381204	4.02170311464546	2.63249330635436	10.687638220036	39.2561389088667	15.8159064712663	4.30111918960869	13.4190010435637	32.6110737125547	28.6013340174448	34.9140807474141	23.7970580902518	25.4692350389573	22.7716477296033	7.44262364053264	11.4944418188917	23.9294501995327	18.8465541519561	56.521192302855	28.5453313902174	33.2282328696548	54.6379076794832	55.7097361237489	51.5916248191335	49.2673648126084
k__Spike|p__Spike|c__Spike	16.9870660029575	31.9398271276596	52.7827171091626	26.0752413807181	31.2198042697279	39.2312291034697	40.3188925282739	57.6450823412287	43.3690658499234	48.0446017987222	98.4445099387628	34.4186526359228	46.2374444261485	46.1198620945932	45.9195626708317	78.2676970122732	84.9133924799324	77.2809606187036	66.1526457362272	89.0801027170312	89.723465571157	76.4070024595416	23.575464913182	75.9756298369834	90.0416632628053	71.6171144441489	30.6883204308314	36.9522832221652	29.9153319986653	52.9502202277071	37.8965113171474	51.1998031092334	78.4273302900898	73.5631947726385	1.48874139321382	1.16120079182058	26.1770007965455	3.88965290748989	8.31117980422463	38.966343649057	0.533542890230788	9.25610690271512	3.6621308083025
k__Fungi|p__Ascomycota|c__Dothideomycetes|o__Capnodiales	0.060400308249849	0.384391622340426	0.0592719766182272	0.242911674049276	0.179625882644423	0.0686402586187809	0.216303071503615	0.0518521591239059	0.310362429811128	0.0712163756969031	0	0.319818425668008	0.0288160711345299	0.19405850657528	0.0760393760660926	0.0247944129922724	0.00211237853823405	0.00203520911773685	0	0.0331345261762757	0	0.272823099022384	0.314394328572896	0	0	0	0.227196230225513	0.176500769625449	0.248164831498165	0.147511011385357	0.0637296219394363	0.112802001722794	0	0	0.153009532080309	0.126528030040203	0	0.426938155545065	0.304997424008243	0.00625195373554236	0.00413599139713789	0.0553238573495617	0.0209025731067494
k__Fungi|p__Ascomycota|c__Dothideomycetes|o__Pleosporales	0.0916418469997709	0.0436336436170213	0.0694912829317146	0.0142889220028986	0.12387991906512	0	0.0123601755144923	0	0	0	0	0.00206334468172908	0.0164663263625885	0	0	0.0061986032480681	0.0042247570764681	0.0122112547064211	0.00616003778156506	0.00414181577203446	0	0.00413368331852097	0.160279461625398	0.00411658159064713	0.00204231680418266	0.00204620326983283	0.0904577583305284	0	0.198114781448115	0.018698578908003	0.0698970047077688	0.0574264736043316	0.00210362454509119	0.00205478044670927	0.270868225709737	0.279586130895288	0.0545004821196495	1.10839713458815	0.614116434827409	0.0625195373554236	13.7397634212921	0.0319176100093625	0.0104512865533747
k__Fungi|p__Ascomycota|c__Pezizomycetes|o__Pezizales	12.9173348884677	1.05551861702128	0.329061663294296	1.2247647431056	0.701986208035677	0.183778756947058	0.739550501617123	0.253038536524661	0.490045941807044	0.256378952508851	0	0.13411740431239	0.62366211098304	0.187865149982452	0.0719291395219795	0.0123972064961362	0.0739332488381918	0.0569858552966317	0.00821338370875341	0.101474486414844	0.0592719766182272	0.0351363082074282	1.28429055789582	0.0391075251111477	0.0285924352585573	0.0695709111743161	0.860400538539212	0.796305797845049	0.886302969636303	0.243081525804039	0.281643813087186	0.498379753066164	0.0778341081683741	0	0	0	0	0	0	0	0	0	0
k__Fungi|p__Ascomycota|c__Sordariomycetes|o__Hypocreales	0.281173848749297	0.540226063829787	0.249351074049094	0.200044908040581	0.253953834083495	0.219205987201913	0.475866757307954	0.292446177458829	0.100051046452272	0.276726488422252	0.00327471591839408	0.839781285463737	0.306685328503211	0.737009434546543	0.44185042849216	0.022728211909583	0.114068441064639	0.0101760455886842	0.0266934970534486	0.053843605036448	0.0265701964150673	0.121943657896369	0.197267029692798	0.065865305450354	0.0142962176292787	0.345808352601747	0.256647593402895	0.145715751667522	0.381631631631632	0.189063408958697	0.0801759759883231	0.276877640592313	0.010518122725456	0.0102739022335463	8.4506751028679	6.44068488398196	0.289271789711986	3.86091668548205	3.16125708397733	0.775242263207252	1.23459343204566	2.0895395352796	0.861186011998077
k__Fungi|p__Ascomycota|c__Unassigned|o__Unassigned	0.0479036927498802	0.101811835106383	0.302491466879228	1.85755986037682	1.5010116860057	0.617762327569028	1.32047875079826	0.491558468494628	0.406329760081674	0.612460830993367	0	1.25038687712782	0.512514408035567	0.796878548277215	4.54181138124499	0.828546634158436	0.787917194761301	0.449781215019843	1.37163507936182	0.476308813783963	2.86958121282727	0.388566231940971	0.0924689201684989	1.08471924913552	0.312474471039948	1.10699596897956	0.292409962975429	0.131349409953822	4.89030697364031	0.698080279232112	3.56885882860843	0.56606095409984	0	0.0513695111677317	0.444554721584683	0.683659517152711	0.00209617238921729	1.53738787741949	1.93508500772798	0.00416796915702824	0.00413599139713789	0.12767044003745	0.0397148889028239
k__Fungi|p__Basidiomycota|c__Tremellomycetes|o__Cystofilobasidiales	0.131214462749672	0.0353224734042553	0	0.0387842168650105	0.012387991906512	0	0.0185402632717385	0.00622225909486871	0.0592138846350179	0.124119969071745	0	0.0103167234086454	0.0946813765848839	0.0165156175808749	0.0123307096323393	0.00413240216537873	0	0.00203520911773685	0	0.00207090788601723	0.0347456414658573	0	0.053426487208466	0.00205829079532356	0.0653541377338453	0.00613860980949848	0.0904577583305284	0.0595177013853258	0.0125125125125125	0.045707637330674	0	0.0205094548586899	0.00631087363527358	0.00205478044670927	0.0599631950044455	0.00816309871227118	0.00209617238921729	0.00821034914509739	0.0288511076764554	0.00625195373554236	11.1795847464637	0.0276619286747808	0.00209025731067494
k__Fungi|p__Basidiomycota|c__Tremellomycetes|o__Filobasidiales	10.5429779434736	14.7336269946809	13.5957651194637	12.0680152687338	17.0417475327249	10.980227177114	16.7088972663412	8.83560791471357	15.7631444614599	11.9887681601758	0.0327471591839408	17.5735066542866	15.6841758603656	16.2554966039761	15.2366468690273	12.3724120831439	4.83945923109421	6.48824666734507	0.88499209461818	2.54928760768721	2.15014204835776	6.38240704379638	20.6308435220384	1.78659641034085	0.347193856711053	2.75623580446482	20.1573544261192	20.2626988199076	16.3455121788455	12.45325355273	20.2577965997163	12.8758357602855	4.81730020825883	6.71091293895247	56.0862642929512	66.376196404155	4.00368926340502	49.0260473326628	38.2751159196291	0.864853600083359	0.0992637935313095	5.8494339943825	36.029765264104
k__Fungi|p__Basidiomycota|c__Tremellomycetes|o__Tremellales	3.41157603149147	2.35413896276596	1.43274674515094	2.3780848761967	2.41152909113433	1.66507982197817	1.606822816884	1.46637906002406	1.97447677386422	1.50775241118301	0.00654943183678816	1.23800680903745	2.52552280586201	1.5648547657879	1.1590867054399	0.301665358072648	0.190114068441065	0.00203520911773685	0.657070696700273	0.144963552021206	0.0674474216690171	0.541512514726247	2.55625192643584	0.296393874526593	0.0531002369087493	0.114587383110638	2.86519690339953	2.35197537198563	2.6463963963964	2.49522147427907	2.63758403059022	2.82415193404159	0.00210362454509119	0.00205478044670927	1.86919752703513	1.22242403216261	0.173982308305035	3.49145097395267	4.64502833590933	0.370949254975513	0.0930598064356026	3.81521831645246	3.21272548650739
k__Fungi|p__Chytridiomycota|c__Spizellomycetes|o__Spizellomycetales	0	0	0.0102193063134874	0.00204127457184266	0.00412933063550399	0.00221420189092841	0.0185402632717385	0	0.287901990811639	0	0	0.0165067574538327	0	0.00206445219760936	0	0	0.00211237853823405	0.00203520911773685	9.0798956900269	0.00828363154406892	0.00204386126269749	0	0	0.047340688292442	0.00204231680418266	0	0.00420733759676876	0.0266803488968702	0.00417083750417084	0.018698578908003	0	0.0123056729152139	0	0	0	0.00204077467806779	0	0	0.00412158681092221	0	0	0.00212784066729083	0.00209025731067494
k__Fungi|p__Rozellomycota|c__Unassigned|o__Unassigned	0.0124966154999688	0.0477892287234043	0	0.0102063728592133	0.0289053144485279	0.0575692491641388	0.0267803802814	0	0	0	0	0	0	0	0.0945354405146016	0	0.0971694127587664	0.00203520911773685	0	0.00207090788601723	0.00204386126269749	0.00413368331852097	0.00410972978526662	0	0.00204231680418266	0	0.0294513631773814	0.0472036942021549	0	0.051940496966675	0.0904549472688773	0.0287132368021658	0.00210362454509119	0	0	0.00204077467806779	0	0.0041051745725487	0.00412158681092221	0	0.00413599139713789	4.35781768661163	0.00627077193202483
k__Fungi|p__Unassigned|c__Unassigned|o__Unassigned	38.3167058921542	35.4429853723404	24.4486684243874	40.4948049562147	33.375314861461	22.3545822908133	29.2359351502791	24.1071058198863	26.8790199081164	28.5353843649534	0.317647444084226	35.3223976065202	25.0576321422691	27.3374760007432	26.4267658603753	4.74606388693748	4.78242501056189	9.98677114073471	17.4246935381204	4.02170311464546	2.63249330635436	10.687638220036	39.2561389088667	15.8159064712663	4.30111918960869	13.4190010435637	32.6110737125547	28.6013340174448	34.9140807474141	23.7970580902518	25.4692350389573	22.7716477296033	7.44262364053264	11.4944418188917	23.9294501995327	18.8465541519561	56.521192302855	28.5453313902174	33.2282328696548	54.6379076794832	55.7097361237489	51.5916248191335	49.2673648126084
k__Spike|p__Spike|c__Spike|o__Spike	16.9870660029575	31.9398271276596	52.7827171091626	26.0752413807181	31.2198042697279	39.2312291034697	40.3188925282739	57.6450823412287	43.3690658499234	48.0446017987222	98.4445099387628	34.4186526359228	46.2374444261485	46.1198620945932	45.9195626708317	78.2676970122732	84.9133924799324	77.2809606187036	66.1526457362272	89.0801027170312	89.723465571157	76.4070024595416	23.575464913182	75.9756298369834	90.0416632628053	71.6171144441489	30.6883204308314	36.9522832221652	29.9153319986653	52.9502202277071	37.8965113171474	51.1998031092334	78.4273302900898	73.5631947726385	1.48874139321382	1.16120079182058	26.1770007965455	3.88965290748989	8.31117980422463	38.966343649057	0.533542890230788	9.25610690271512	3.6621308083025
k__Fungi|p__Ascomycota|c__Dothideomycetes|o__Capnodiales|f__Cladosporiaceae	0.060400308249849	0.384391622340426	0.0592719766182272	0.242911674049276	0.179625882644423	0.0686402586187809	0.216303071503615	0.0518521591239059	0.310362429811128	0.0712163756969031	0	0.319818425668008	0.0288160711345299	0.19405850657528	0.0760393760660926	0.0247944129922724	0.00211237853823405	0.00203520911773685	0	0.0331345261762757	0	0.272823099022384	0.314394328572896	0	0	0	0.227196230225513	0.176500769625449	0.248164831498165	0.147511011385357	0.0637296219394363	0.112802001722794	0	0	0.153009532080309	0.126528030040203	0	0.426938155545065	0.304997424008243	0.00625195373554236	0.00413599139713789	0.0553238573495617	0.0209025731067494
k__Fungi|p__Ascomycota|c__Dothideomycetes|o__Pleosporales|f__Phaeosphaeriaceae	0.0916418469997709	0.0436336436170213	0.0694912829317146	0.0142889220028986	0.12387991906512	0	0.0123601755144923	0	0	0	0	0.00206334468172908	0.0164663263625885	0	0	0.0061986032480681	0.0042247570764681	0.0122112547064211	0.00616003778156506	0.00414181577203446	0	0.00413368331852097	0.160279461625398	0.00411658159064713	0.00204231680418266	0.00204620326983283	0.0904577583305284	0	0.198114781448115	0.018698578908003	0.0698970047077688	0.0574264736043316	0.00210362454509119	0.00205478044670927	0.270868225709737	0.279586130895288	0.0545004821196495	1.10839713458815	0.614116434827409	0.0625195373554236	13.7397634212921	0.0319176100093625	0.0104512865533747
k__Fungi|p__Ascomycota|c__Pezizomycetes|o__Pezizales|f__Pezizaceae	12.9173348884677	1.05551861702128	0.329061663294296	1.2247647431056	0.701986208035677	0.183778756947058	0.739550501617123	0.253038536524661	0.490045941807044	0.256378952508851	0	0.13411740431239	0.62366211098304	0.187865149982452	0.0719291395219795	0.0123972064961362	0.0739332488381918	0.0569858552966317	0.00821338370875341	0.101474486414844	0.0592719766182272	0.0351363082074282	1.28429055789582	0.0391075251111477	0.0285924352585573	0.0695709111743161	0.860400538539212	0.796305797845049	0.886302969636303	0.243081525804039	0.281643813087186	0.498379753066164	0.0778341081683741	0	0	0	0	0	0	0	0	0	0
k__Fungi|p__Ascomycota|c__Sordariomycetes|o__Hypocreales|f__Nectriaceae	0.281173848749297	0.540226063829787	0.249351074049094	0.200044908040581	0.253953834083495	0.219205987201913	0.475866757307954	0.292446177458829	0.100051046452272	0.276726488422252	0.00327471591839408	0.839781285463737	0.306685328503211	0.737009434546543	0.44185042849216	0.022728211909583	0.114068441064639	0.0101760455886842	0.0266934970534486	0.053843605036448	0.0265701964150673	0.121943657896369	0.197267029692798	0.065865305450354	0.0142962176292787	0.345808352601747	0.256647593402895	0.145715751667522	0.381631631631632	0.189063408958697	0.0801759759883231	0.276877640592313	0.010518122725456	0.0102739022335463	8.4506751028679	6.44068488398196	0.289271789711986	3.86091668548205	3.16125708397733	0.775242263207252	1.23459343204566	2.0895395352796	0.861186011998077
k__Fungi|p__Ascomycota|c__Unassigned|o__Unassigned|f__Unassigned	0.0479036927498802	0.101811835106383	0.302491466879228	1.85755986037682	1.5010116860057	0.617762327569028	1.32047875079826	0.491558468494628	0.406329760081674	0.612460830993367	0	1.25038687712782	0.512514408035567	0.796878548277215	4.54181138124499	0.828546634158436	0.787917194761301	0.449781215019843	1.37163507936182	0.476308813783963	2.86958121282727	0.388566231940971	0.0924689201684989	1.08471924913552	0.312474471039948	1.10699596897956	0.292409962975429	0.131349409953822	4.89030697364031	0.698080279232112	3.56885882860843	0.56606095409984	0	0.0513695111677317	0.444554721584683	0.683659517152711	0.00209617238921729	1.53738787741949	1.93508500772798	0.00416796915702824	0.00413599139713789	0.12767044003745	0.0397148889028239
k__Fungi|p__Basidiomycota|c__Tremellomycetes|o__Cystofilobasidiales|f__Mrakiaceae	0.131214462749672	0.0353224734042553	0	0.0387842168650105	0.012387991906512	0	0.0185402632717385	0.00622225909486871	0.0592138846350179	0.124119969071745	0	0.0103167234086454	0.0946813765848839	0.0165156175808749	0.0123307096323393	0.00413240216537873	0	0.00203520911773685	0	0.00207090788601723	0.0347456414658573	0	0.053426487208466	0.00205829079532356	0.0653541377338453	0.00613860980949848	0.0904577583305284	0.0595177013853258	0.0125125125125125	0.045707637330674	0	0.0205094548586899	0.00631087363527358	0.00205478044670927	0.0599631950044455	0.00816309871227118	0.00209617238921729	0.00821034914509739	0.0288511076764554	0.00625195373554236	11.1795847464637	0.0276619286747808	0.00209025731067494
k__Fungi|p__Basidiomycota|c__Tremellomycetes|o__Filobasidiales|f__Filobasidiaceae	10.5429779434736	14.7336269946809	13.5957651194637	12.0680152687338	17.0417475327249	10.980227177114	16.7088972663412	8.83560791471357	15.7631444614599	11.9887681601758	0.0327471591839408	17.5735066542866	15.6841758603656	16.2554966039761	15.2366468690273	12.3724120831439	4.83945923109421	6.48824666734507	0.88499209461818	2.54928760768721	2.15014204835776	6.38240704379638	20.6308435220384	1.78659641034085	0.347193856711053	2.75623580446482	20.1573544261192	20.2626988199076	16.3455121788455	12.45325355273	20.2577965997163	12.8758357602855	4.81730020825883	6.71091293895247	56.0862642929512	66.376196404155	4.00368926340502	49.0260473326628	38.2751159196291	0.864853600083359	0.0992637935313095	5.8494339943825	36.029765264104
k__Fungi|p__Basidiomycota|c__Tremellomycetes|o__Tremellales|f__Bulleribasidiaceae	3.41157603149147	2.35413896276596	1.43274674515094	2.3780848761967	2.41152909113433	1.66507982197817	1.606822816884	1.46637906002406	1.97447677386422	1.50775241118301	0.00654943183678816	1.23800680903745	2.52552280586201	1.5648547657879	1.1590867054399	0.301665358072648	0.190114068441065	0.00203520911773685	0.657070696700273	0.144963552021206	0.0674474216690171	0.541512514726247	2.55625192643584	0.296393874526593	0.0531002369087493	0.114587383110638	2.86519690339953	2.35197537198563	2.6463963963964	2.49522147427907	2.63758403059022	2.82415193404159	0.00210362454509119	0.00205478044670927	1.86919752703513	1.22242403216261	0.173982308305035	3.49145097395267	4.64502833590933	0.370949254975513	0.0930598064356026	3.81521831645246	3.21272548650739
k__Fungi|p__Chytridiomycota|c__Spizellomycetes|o__Spizellomycetales|f__Unassigned	0	0	0.0102193063134874	0.00204127457184266	0.00412933063550399	0.00221420189092841	0.0185402632717385	0	0.287901990811639	0	0	0.0165067574538327	0	0.00206445219760936	0	0	0.00211237853823405	0.00203520911773685	9.0798956900269	0.00828363154406892	0.00204386126269749	0	0	0.047340688292442	0.00204231680418266	0	0.00420733759676876	0.0266803488968702	0.00417083750417084	0.018698578908003	0	0.0123056729152139	0	0	0	0.00204077467806779	0	0	0.00412158681092221	0	0	0.00212784066729083	0.00209025731067494
k__Fungi|p__Rozellomycota|c__Unassigned|o__Unassigned|f__Unassigned	0.0124966154999688	0.0477892287234043	0	0.0102063728592133	0.0289053144485279	0.0575692491641388	0.0267803802814	0	0	0	0	0	0	0	0.0945354405146016	0	0.0971694127587664	0.00203520911773685	0	0.00207090788601723	0.00204386126269749	0.00413368331852097	0.00410972978526662	0	0.00204231680418266	0	0.0294513631773814	0.0472036942021549	0	0.051940496966675	0.0904549472688773	0.0287132368021658	0.00210362454509119	0	0	0.00204077467806779	0	0.0041051745725487	0.00412158681092221	0	0.00413599139713789	4.35781768661163	0.00627077193202483
k__Fungi|p__Unassigned|c__Unassigned|o__Unassigned|f__Unassigned	38.3167058921542	35.4429853723404	24.4486684243874	40.4948049562147	33.375314861461	22.3545822908133	29.2359351502791	24.1071058198863	26.8790199081164	28.5353843649534	0.317647444084226	35.3223976065202	25.0576321422691	27.3374760007432	26.4267658603753	4.74606388693748	4.78242501056189	9.98677114073471	17.4246935381204	4.02170311464546	2.63249330635436	10.687638220036	39.2561389088667	15.8159064712663	4.30111918960869	13.4190010435637	32.6110737125547	28.6013340174448	34.9140807474141	23.7970580902518	25.4692350389573	22.7716477296033	7.44262364053264	11.4944418188917	23.9294501995327	18.8465541519561	56.521192302855	28.5453313902174	33.2282328696548	54.6379076794832	55.7097361237489	51.5916248191335	49.2673648126084
k__Spike|p__Spike|c__Spike|o__Spike|f__Spike	16.9870660029575	31.9398271276596	52.7827171091626	26.0752413807181	31.2198042697279	39.2312291034697	40.3188925282739	57.6450823412287	43.3690658499234	48.0446017987222	98.4445099387628	34.4186526359228	46.2374444261485	46.1198620945932	45.9195626708317	78.2676970122732	84.9133924799324	77.2809606187036	66.1526457362272	89.0801027170312	89.723465571157	76.4070024595416	23.575464913182	75.9756298369834	90.0416632628053	71.6171144441489	30.6883204308314	36.9522832221652	29.9153319986653	52.9502202277071	37.8965113171474	51.1998031092334	78.4273302900898	73.5631947726385	1.48874139321382	1.16120079182058	26.1770007965455	3.88965290748989	8.31117980422463	38.966343649057	0.533542890230788	9.25610690271512	3.6621308083025
k__Fungi|p__Ascomycota|c__Dothideomycetes|o__Capnodiales|f__Cladosporiaceae|g__Davidiella	0.060400308249849	0.384391622340426	0.0592719766182272	0.242911674049276	0.179625882644423	0.0686402586187809	0.216303071503615	0.0518521591239059	0.310362429811128	0.0712163756969031	0	0.319818425668008	0.0288160711345299	0.19405850657528	0.0760393760660926	0.0247944129922724	0.00211237853823405	0.00203520911773685	0	0.0331345261762757	0	0.272823099022384	0.314394328572896	0	0	0	0.227196230225513	0.176500769625449	0.248164831498165	0.147511011385357	0.0637296219394363	0.112802001722794	0	0	0.153009532080309	0.126528030040203	0	0.426938155545065	0.304997424008243	0.00625195373554236	0.00413599139713789	0.0553238573495617	0.0209025731067494
k__Fungi|p__Ascomycota|c__Dothideomycetes|o__Pleosporales|f__Phaeosphaeriaceae|g__Unassigned	0.0916418469997709	0.0436336436170213	0.0694912829317146	0.0142889220028986	0.12387991906512	0	0.0123601755144923	0	0	0	0	0.00206334468172908	0.0164663263625885	0	0	0.0061986032480681	0.0042247570764681	0.0122112547064211	0.00616003778156506	0.00414181577203446	0	0.00413368331852097	0.160279461625398	0.00411658159064713	0.00204231680418266	0.00204620326983283	0.0904577583305284	0	0.198114781448115	0.018698578908003	0.0698970047077688	0.0574264736043316	0.00210362454509119	0.00205478044670927	0.270868225709737	0.279586130895288	0.0545004821196495	1.10839713458815	0.614116434827409	0.0625195373554236	13.7397634212921	0.0319176100093625	0.0104512865533747
k__Fungi|p__Ascomycota|c__Pezizomycetes|o__Pezizales|f__Pezizaceae|g__Peziza	12.9173348884677	1.05551861702128	0.329061663294296	1.2247647431056	0.701986208035677	0.183778756947058	0.739550501617123	0.253038536524661	0.490045941807044	0.256378952508851	0	0.13411740431239	0.62366211098304	0.187865149982452	0.0719291395219795	0.0123972064961362	0.0739332488381918	0.0569858552966317	0.00821338370875341	0.101474486414844	0.0592719766182272	0.0351363082074282	1.28429055789582	0.0391075251111477	0.0285924352585573	0.0695709111743161	0.860400538539212	0.796305797845049	0.886302969636303	0.243081525804039	0.281643813087186	0.498379753066164	0.0778341081683741	0	0	0	0	0	0	0	0	0	0
k__Fungi|p__Ascomycota|c__Sordariomycetes|o__Hypocreales|f__Nectriaceae|g__Fusarium	0.135380001249662	0.317902260638298	0.228912461422119	0.165343240319255	0.204401866457447	0.106281690764564	0.339904826648538	0.170075081926411	0.0755487493619194	0.0345908110527815	0.00327471591839408	0.804704425874342	0.226411987485592	0.363343586779248	0.386362235146633	0	0	0.00203520911773685	0.00205334592718835	0.0310636182902585	0.0143070288388824	0.00206684165926048	0.123291893557999	0.047340688292442	0	0.12277219618997	0.185122854257826	0.100564391995895	0.227310643977311	0.114269093326685	0.0719527989638797	0.110751056236925	0	0.00616434134012781	0.316357546057937	0.0142854227464746	0	0.137523348180381	0.0721277691911386	0.00208398457851412	0.521134916039375	0.00425568133458167	0.834012666959303
k__Fungi|p__Ascomycota|c__Sordariomycetes|o__Hypocreales|f__Nectriaceae|g__Unassigned	0.145793847499636	0.222323803191489	0.0204386126269749	0.0347016677213252	0.0495519676260478	0.112924296437349	0.135961930659415	0.122371095532418	0.0245022970903522	0.242135677369471	0	0.0350768595893944	0.080273341017619	0.373665847767295	0.055488193345527	0.022728211909583	0.114068441064639	0.00814083647094739	0.0246401511262602	0.0227799867461895	0.0122631675761849	0.119876816237108	0.0739751361347991	0.0185246171579121	0.0142962176292787	0.223036156411778	0.071524739145069	0.0451513596716265	0.154320987654321	0.074794315632012	0.00822317702444339	0.166126584355388	0.010518122725456	0.00410956089341854	8.13431755680996	6.42639946123549	0.289271789711986	3.72339333730167	3.08912931478619	0.773158278628738	0.713458516006287	2.08528385394502	0.0271733450387743
k__Fungi|p__Ascomycota|c__Unassigned|o__Unassigned|f__Unassigned|g__Unassigned	0.0479036927498802	0.101811835106383	0.302491466879228	1.85755986037682	1.5010116860057	0.617762327569028	1.32047875079826	0.491558468494628	0.406329760081674	0.612460830993367	0	1.25038687712782	0.512514408035567	0.796878548277215	4.54181138124499	0.828546634158436	0.787917194761301	0.449781215019843	1.37163507936182	0.476308813783963	2.86958121282727	0.388566231940971	0.0924689201684989	1.08471924913552	0.312474471039948	1.10699596897956	0.292409962975429	0.131349409953822	4.89030697364031	0.698080279232112	3.56885882860843	0.56606095409984	0	0.0513695111677317	0.444554721584683	0.683659517152711	0.00209617238921729	1.53738787741949	1.93508500772798	0.00416796915702824	0.00413599139713789	0.12767044003745	0.0397148889028239
k__Fungi|p__Basidiomycota|c__Tremellomycetes|o__Cystofilobasidiales|f__Mrakiaceae|g__Mrakia	0.131214462749672	0.0353224734042553	0	0.0387842168650105	0.012387991906512	0	0.0185402632717385	0.00622225909486871	0.0592138846350179	0.124119969071745	0	0.0103167234086454	0.0946813765848839	0.0165156175808749	0.0123307096323393	0.00413240216537873	0	0.00203520911773685	0	0.00207090788601723	0.0347456414658573	0	0.053426487208466	0.00205829079532356	0.0653541377338453	0.00613860980949848	0.0904577583305284	0.0595177013853258	0.0125125125125125	0.045707637330674	0	0.0205094548586899	0.00631087363527358	0.00205478044670927	0.0599631950044455	0.00816309871227118	0.00209617238921729	0.00821034914509739	0.0288511076764554	0.00625195373554236	11.1795847464637	0.0276619286747808	0.00209025731067494
k__Fungi|p__Basidiomycota|c__Tremellomycetes|o__Filobasidiales|f__Filobasidiaceae|g__Filobasidium	9.57032470372607	13.4640957446809	10.8590348887118	10.0838963849027	14.760292356609	9.79562916546731	15.0320334548751	7.60567470029452	13.4354262378765	9.5063687787409	0.0196482955103645	13.3869802950583	14.5541742137329	14.8991515101468	11.5107174417888	11.3289805363858	4.09801436417406	5.62938841966012	0.694030923389663	2.24072233267064	0.288184438040346	1.85602381001591	15.9621904859755	0.389016960316153	0.341066906298505	0.771418632726975	19.2107034668462	18.2924576706003	15.1234567901235	11.1173439707471	19.0901054622453	11.5324664670413	0.155668216336748	3.90819240964103	55.7409589975808	65.9578375951511	4.00368926340502	48.765368747306	37.8753219989696	0.846097738876732	0.0930598064356026	2.72576389479956	35.605443030037
k__Fungi|p__Basidiomycota|c__Tremellomycetes|o__Filobasidiales|f__Filobasidiaceae|g__Naganishia	0.972653239747568	1.26953125	2.73673023075194	1.98411888383106	2.28145517611595	1.1845980116467	1.67686381146612	1.22993321441905	2.32771822358346	2.48239938143491	0.0130988636735763	4.18652635922831	1.13000164663264	1.35634509382935	3.72592942723854	1.04343154675813	0.741444866920152	0.85885824768495	0.190961171228517	0.308565275016567	1.86195761031741	4.52638323378046	4.66865303606288	1.3975794500247	0.00612695041254799	1.98481717173784	0.946650959272972	1.97024114930734	1.22205538872206	1.33590958198288	1.16769113747096	1.34336929324419	4.66163199192208	2.80272052931144	0.345305295370428	0.418358809003898	0	0.260678585356842	0.399793920659454	0.0187558612066271	0.00620398709570684	3.12367009958294	0.424322234067014
k__Fungi|p__Basidiomycota|c__Tremellomycetes|o__Tremellales|f__Bulleribasidiaceae|g__Vishniacozyma	3.41157603149147	2.35413896276596	1.43274674515094	2.3780848761967	2.41152909113433	1.66507982197817	1.606822816884	1.46637906002406	1.97447677386422	1.50775241118301	0.00654943183678816	1.23800680903745	2.52552280586201	1.5648547657879	1.1590867054399	0.301665358072648	0.190114068441065	0.00203520911773685	0.657070696700273	0.144963552021206	0.0674474216690171	0.541512514726247	2.55625192643584	0.296393874526593	0.0531002369087493	0.114587383110638	2.86519690339953	2.35197537198563	2.6463963963964	2.49522147427907	2.63758403059022	2.82415193404159	0.00210362454509119	0.00205478044670927	1.86919752703513	1.22242403216261	0.173982308305035	3.49145097395267	4.64502833590933	0.370949254975513	0.0930598064356026	3.81521831645246	3.21272548650739
k__Fungi|p__Chytridiomycota|c__Spizellomycetes|o__Spizellomycetales|f__Unassigned|g__Unassigned	0	0	0.0102193063134874	0.00204127457184266	0.00412933063550399	0.00221420189092841	0.0185402632717385	0	0.287901990811639	0	0	0.0165067574538327	0	0.00206445219760936	0	0	0.00211237853823405	0.00203520911773685	9.0798956900269	0.00828363154406892	0.00204386126269749	0	0	0.047340688292442	0.00204231680418266	0	0.00420733759676876	0.0266803488968702	0.00417083750417084	0.018698578908003	0	0.0123056729152139	0	0	0	0.00204077467806779	0	0	0.00412158681092221	0	0	0.00212784066729083	0.00209025731067494
k__Fungi|p__Rozellomycota|c__Unassigned|o__Unassigned|f__Unassigned|g__Unassigned	0.0124966154999688	0.0477892287234043	0	0.0102063728592133	0.0289053144485279	0.0575692491641388	0.0267803802814	0	0	0	0	0	0	0	0.0945354405146016	0	0.0971694127587664	0.00203520911773685	0	0.00207090788601723	0.00204386126269749	0.00413368331852097	0.00410972978526662	0	0.00204231680418266	0	0.0294513631773814	0.0472036942021549	0	0.051940496966675	0.0904549472688773	0.0287132368021658	0.00210362454509119	0	0	0.00204077467806779	0	0.0041051745725487	0.00412158681092221	0	0.00413599139713789	4.35781768661163	0.00627077193202483
k__Fungi|p__Unassigned|c__Unassigned|o__Unassigned|f__Unassigned|g__Unassigned	38.3167058921542	35.4429853723404	24.4486684243874	40.4948049562147	33.375314861461	22.3545822908133	29.2359351502791	24.1071058198863	26.8790199081164	28.5353843649534	0.317647444084226	35.3223976065202	25.0576321422691	27.3374760007432	26.4267658603753	4.74606388693748	4.78242501056189	9.98677114073471	17.4246935381204	4.02170311464546	2.63249330635436	10.687638220036	39.2561389088667	15.8159064712663	4.30111918960869	13.4190010435637	32.6110737125547	28.6013340174448	34.9140807474141	23.7970580902518	25.4692350389573	22.7716477296033	7.44262364053264	11.4944418188917	23.9294501995327	18.8465541519561	56.521192302855	28.5453313902174	33.2282328696548	54.6379076794832	55.7097361237489	51.5916248191335	49.2673648126084
k__Spike|p__Spike|c__Spike|o__Spike|f__Spike|g__Spike	16.9870660029575	31.9398271276596	52.7827171091626	26.0752413807181	31.2198042697279	39.2312291034697	40.3188925282739	57.6450823412287	43.3690658499234	48.0446017987222	98.4445099387628	34.4186526359228	46.2374444261485	46.1198620945932	45.9195626708317	78.2676970122732	84.9133924799324	77.2809606187036	66.1526457362272	89.0801027170312	89.723465571157	76.4070024595416	23.575464913182	75.9756298369834	90.0416632628053	71.6171144441489	30.6883204308314	36.9522832221652	29.9153319986653	52.9502202277071	37.8965113171474	51.1998031092334	78.4273302900898	73.5631947726385	1.48874139321382	1.16120079182058	26.1770007965455	3.88965290748989	8.31117980422463	38.966343649057	0.533542890230788	9.25610690271512	3.6621308083025
