richness	A0	A1	A10	A11	A12	A13	A14	A15	A16	A17	A18	A19	A2	A20	A21	A23	A24	A25	A26	A27	A28	A29	A3	A30	A32	A34	A4	A5	A6	A7	A8	A9	BS2	CS2	G0	G1	G2	G3	G4	G5	GR01	LW1	T1
1	52.0	43.0	31.0	46.0	39.0	54.0	33.0	29.0	36.0	30.0	7.00	35.0	28.0	32.0	24.0	18.0	20.0	28.0	15.0	15.0	11.0	23.0	35.0	21.0	12.0	35.0	36.0	30.0	32.0	29.0	32.0	29.0	27.0	29.0	36.0	28.0	29.0	39.0	40.0	19.0	33.0	60.0	26.0
2	84.0	85.0	46.0	83.0	70.0	103.0	63.0	54.0	66.0	41.0	8.00	55.0	55.0	50.0	40.0	28.0	33.0	45.0	35.0	24.0	19.0	39.0	65.0	40.0	26.0	74.0	70.0	62.0	55.0	45.0	51.0	50.0	45.0	50.0	52.0	42.0	46.0	56.0	58.0	26.0	39.0	86.0	40.0
3	111.0	109.0	68.0	104.0	104.0	134.0	86.0	71.0	93.0	57.0	9.00	71.0	77.0	62.0	54.0	41.0	46.0	54.0	41.0	37.0	25.0	56.0	89.0	48.0	37.0	91.0	99.0	96.0	84.0	66.0	67.0	72.0	60.0	61.0	61.0	45.0	53.0	62.0	70.0	28.0	46.0	104.0	50.0
4	133.0	132.0	82.0	131.0	125.0	164.0	96.0	82.0	123.0	68.0	10.00	85.0	101.0	71.0	69.0	46.0	51.0	65.0	50.0	42.0	34.0	68.0	114.0	58.0	45.0	100.0	133.0	112.0	107.0	83.0	89.0	101.0	68.0	71.0	72.0	54.0	63.0	72.0	81.0	36.0	53.0	121.0	58.0
5	156.0	149.0	93.0	151.0	148.0	191.0	127.0	95.0	145.0	86.0	10.00	101.0	116.0	85.0	74.0	52.0	58.0	67.0	54.0	46.0	34.0	76.0	142.0	66.0	49.0	113.0	152.0	126.0	128.0	95.0	105.0	122.0	76.0	78.0	76.0	57.0	73.0	83.0	91.0	46.0	59.0	131.0	64.0
6	170.0	180.0	109.0	177.0	166.0	220.0	138.0	106.0	165.0	88.0	10.00	120.0	131.0	99.0	90.0	57.0	67.0	72.0	56.0	50.0	37.0	82.0	159.0	74.0	59.0	117.0	168.0	150.0	148.0	114.0	112.0	130.0	78.0	80.0	86.0	61.0	79.0	91.0	106.0	56.0	59.0	140.0	79.0
7	195.0	193.0	126.0	193.0	177.0	231.0	155.0	116.0	173.0	106.0	11.0	137.0	141.0	105.0	106.0	66.0	73.0	74.0	60.0	51.0	45.0	90.0	177.0	73.0	60.0	123.0	190.0	163.0	174.0	122.0	128.0	149.0	82.0	83.0	88.0	65.0	83.0	99.0	111.0	63.0	65.0	153.0	88.0
8	207.0	204.0	125.0	213.0	206.0	251.0	180.0	119.0	189.0	110.0	12.0	154.0	156.0	111.0	120.0	67.0	76.0	76.0	68.0	51.0	49.0	89.0	192.0	80.0	71.0	122.0	207.0	184.0	182.0	144.0	148.0	168.0	84.0	82.0	90.0	69.0	85.0	105.0	116.0	65.0	70.0	162.0	89.0
9	213.0	234.0	144.0	217.0	216.0	274.0	180.0	128.0	201.0	114.0	11.0	162.0	179.0	119.0	127.0	66.0	80.0	78.0	69.0	57.0	49.0	92.0	210.0	88.0	72.0	124.0	213.0	200.0	199.0	148.0	159.0	184.0	85.0	85.0	101.0	74.0	92.0	108.0	122.0	71.0	70.0	171.0	96.0
10	222.0	253.0	159.0	243.0	230.0	286.0	200.0	133.0	206.0	124.0	12.0	168.0	182.0	129.0	135.0	71.0	85.0	75.0	72.0	56.0	49.0	94.0	224.0	87.0	75.0	125.0	236.0	203.0	211.0	155.0	176.0	194.0	84.0	86.0	106.0	80.0	98.0	121.0	128.0	76.0	75.0	184.0	104.0
11	237.0	256.0	165.0	244.0	234.0	296.0	215.0	137.0	213.0	136.0	12.0	177.0	205.0	135.0	142.0	71.0	88.0	79.0	73.0	58.0	58.0	94.0	230.0	93.0	77.0	126.0	245.0	216.0	227.0	168.0	181.0	196.0	87.0	84.0	109.0	84.0	96.0	116.0	138.0	77.0	80.0	189.0	114.0
12	242.0	269.0	170.0	262.0	247.0	310.0	228.0	152.0	213.0	140.0	13.0	183.0	212.0	136.0	153.0	73.0	89.0	82.0	75.0	58.0	55.0	97.0	239.0	94.0	78.0	128.0	264.0	244.0	229.0	176.0	203.0	210.0	86.0	87.0	115.0	87.0	100.0	122.0	148.0	81.0	77.0	199.0	118.0
13	265.0	282.0	181.0	269.0	251.0	320.0	240.0	159.0	221.0	139.0	14.0	189.0	224.0	140.0	154.0	76.0	86.0	80.0	78.0	58.0	60.0	95.0	249.0	96.0	80.0	128.0	273.0	243.0	239.0	180.0	207.0	220.0	87.0	87.0	116.0	92.0	98.0	132.0	147.0	88.0	78.0	200.0	122.0
14	263.0	293.0	190.0	289.0	270.0	317.0	242.0	160.0	220.0	148.0	13.0	197.0	223.0	144.0	157.0	75.0	93.0	83.0	78.0	60.0	62.0	96.0	259.0	101.0	80.0	129.0	278.0	252.0	248.0	184.0	225.0	229.0	87.0	85.0	124.0	95.0	100.0	140.0	155.0	88.0	81.0	211.0	123.0
15	267.0	299.0	200.0	280.0	280.0	334.0	250.0	172.0	225.0	146.0	15.0	197.0	232.0	145.0	166.0	76.0	92.0	84.0	79.0	60.0	64.0	97.0	273.0	99.0	81.0	127.0	289.0	272.0	257.0	192.0	226.0	245.0	88.0	87.0	126.0	96.0	103.0	142.0	160.0	93.0	84.0	218.0	135.0
16	280.0	310.0	207.0	297.0	281.0	344.0	256.0	178.0	228.0	155.0	15.0	206.0	246.0	149.0	173.0	77.0	93.0	83.0	79.0	59.0	64.0	98.0	278.0	101.0	82.0	131.0	295.0	269.0	265.0	205.0	238.0	246.0	87.0	86.0	124.0	97.0	108.0	143.0	161.0	95.0	88.0	215.0	140.0
17	283.0	306.0	204.0	304.0	287.0	347.0	261.0	181.0	230.0	157.0	13.0	210.0	243.0	146.0	169.0	80.0	92.0	84.0	80.0	60.0	64.0	101.0	291.0	104.0	81.0	131.0	306.0	280.0	273.0	201.0	243.0	249.0	88.0	89.0	130.0	102.0	105.0	155.0	168.0	96.0	93.0	221.0	144.0
18	288.0	320.0	209.0	306.0	292.0	352.0	273.0	183.0	227.0	161.0	16.0	210.0	253.0	147.0	177.0	79.0	96.0	82.0	85.0	60.0	67.0	99.0	299.0	101.0	83.0	131.0	314.0	286.0	280.0	214.0	253.0	258.0	87.0	90.0	128.0	106.0	107.0	160.0	167.0	105.0	92.0	225.0	147.0
19	295.0	330.0	214.0	316.0	301.0	362.0	282.0	190.0	230.0	161.0	14.0	217.0	248.0	153.0	179.0	83.0	98.0	84.0	81.0	61.0	66.0	101.0	290.0	104.0	85.0	132.0	317.0	287.0	292.0	209.0	259.0	261.0	92.0	90.0	133.0	110.0	113.0	156.0	175.0	102.0	90.0	236.0	159.0
20	301.0	333.0	219.0	325.0	307.0	366.0	279.0	196.0	235.0	167.0	16.0	216.0	259.0	157.0	182.0	85.0	97.0	84.0	83.0	61.0	68.0	102.0	309.0	107.0	86.0	133.0	322.0	297.0	300.0	224.0	268.0	264.0	91.0	90.0	136.0	109.0	112.0	159.0	173.0	101.0	96.0	240.0	159.0
21	314.0	349.0	218.0	326.0	313.0	373.0	294.0	189.0	234.0	159.0	15.0	217.0	265.0	159.0	181.0	84.0	101.0	85.0	86.0	61.0	70.0	101.0	317.0	110.0	89.0	132.0	340.0	298.0	302.0	227.0	272.0	279.0	91.0	91.0	134.0	116.0	112.0	162.0	178.0	105.0	99.0	236.0	156.0
22	311.0	347.0	222.0	329.0	316.0	372.0	289.0	195.0	235.0	165.0	18.0	221.0	264.0	154.0	188.0	86.0	100.0	85.0	84.0	61.0	68.0	103.0	321.0	114.0	90.0	135.0	325.0	302.0	314.0	230.0	277.0	276.0	91.0	91.0	143.0	119.0	114.0	171.0	180.0	111.0	99.0	235.0	164.0
23	316.0	355.0	220.0	337.0	323.0	376.0	298.0	200.0	235.0	169.0	16.0	222.0	272.0	165.0	187.0	85.0	101.0	85.0	84.0	64.0	69.0	104.0	332.0	111.0	87.0	132.0	332.0	306.0	311.0	236.0	289.0	283.0	93.0	93.0	141.0	110.0	116.0	162.0	186.0	114.0	98.0	242.0	170.0
24	320.0	361.0	228.0	340.0	318.0	384.0	304.0	202.0	244.0	169.0	21.0	225.0	277.0	165.0	187.0	84.0	99.0	85.0	86.0	61.0	68.0	104.0	341.0	110.0	91.0	134.0	336.0	303.0	320.0	243.0	290.0	288.0	93.0	95.0	143.0	121.0	118.0	179.0	188.0	114.0	98.0	248.0	170.0
25	327.0	360.0	229.0	342.0	323.0	397.0	301.0	204.0	239.0	169.0	19.0	223.0	269.0	164.0	196.0	89.0	105.0	85.0	88.0	62.0	71.0	108.0	348.0	110.0	90.0	131.0	352.0	312.0	323.0	247.0	295.0	287.0	93.0	93.0	144.0	123.0	121.0	175.0	189.0	114.0	104.0	256.0	177.0
26	327.0	365.0	236.0	354.0	329.0	394.0	303.0	203.0	240.0	169.0	18.0	230.0	281.0	165.0	197.0	88.0	104.0	85.0	86.0	63.0	71.0	106.0	355.0	112.0	92.0	133.0	355.0	316.0	328.0	259.0	292.0	293.0	92.0	96.0	147.0	125.0	121.0	182.0	192.0	121.0	105.0	255.0	181.0
27	332.0	369.0	238.0	352.0	329.0	389.0	299.0	214.0	245.0	176.0	19.0	229.0	281.0	169.0	192.0	88.0	107.0	85.0	87.0	63.0	74.0	108.0	363.0	111.0	91.0	133.0	350.0	314.0	332.0	263.0	301.0	295.0	93.0	94.0	147.0	128.0	124.0	188.0	194.0	117.0	107.0	259.0	188.0
28	334.0	368.0	236.0	348.0	336.0	409.0	308.0	209.0	245.0	176.0	20.0	233.0	282.0	171.0	200.0	91.0	106.0	85.0	87.0	66.0	70.0	109.0	362.0	114.0	92.0	135.0	357.0	317.0	333.0	259.0	305.0	298.0	94.0	95.0	152.0	124.0	122.0	181.0	201.0	121.0	108.0	260.0	188.0
29	339.0	374.0	238.0	357.0	340.0	413.0	314.0	213.0	247.0	171.0	21.0	236.0	285.0	168.0	197.0	94.0	107.0	85.0	86.0	64.0	71.0	108.0	367.0	115.0	93.0	133.0	364.0	318.0	339.0	251.0	304.0	298.0	95.0	94.0	150.0	127.0	121.0	192.0	199.0	121.0	110.0	263.0	200.0
30	341.0	379.0	240.0	359.0	341.0	412.0	313.0	213.0	246.0	176.0	21.0	237.0	286.0	170.0	201.0	90.0	107.0	87.0	88.0	65.0	74.0	109.0	366.0	113.0	94.0	136.0	367.0	326.0	334.0	257.0	307.0	301.0	93.0	96.0	157.0	132.0	123.0	195.0	209.0	124.0	107.0	264.0	191.0
31	339.0	380.0	240.0	361.0	345.0	416.0	317.0	215.0	247.0	177.0	21.0	239.0	290.0	173.0	202.0	91.0	108.0	86.0	88.0	65.0	75.0	113.0	381.0	116.0	95.0	139.0	370.0	325.0	344.0	266.0	312.0	307.0	93.0	96.0	153.0	135.0	129.0	190.0	210.0	120.0	115.0	265.0	199.0
32	348.0	380.0	242.0	363.0	342.0	410.0	315.0	214.0	249.0	181.0	20.0	238.0	292.0	173.0	197.0	94.0	109.0	85.0	90.0	66.0	73.0	109.0	383.0	119.0	99.0	138.0	375.0	325.0	352.0	266.0	315.0	305.0	95.0	98.0	161.0	132.0	127.0	194.0	213.0	124.0	110.0	265.0	198.0
33	349.0	385.0	243.0	361.0	345.0	420.0	319.0	216.0	245.0	179.0	22.0	236.0	292.0	175.0	203.0	94.0	109.0	85.0	89.0	67.0	75.0	112.0	385.0	115.0	97.0	137.0	373.0	333.0	351.0	267.0	311.0	307.0	92.0	98.0	160.0	141.0	122.0	196.0	210.0	124.0	112.0	267.0	209.0
34	357.0	388.0	244.0	366.0	350.0	418.0	318.0	218.0	248.0	178.0	21.0	236.0	294.0	176.0	205.0	95.0	114.0	89.0	91.0	67.0	74.0	111.0	389.0	120.0	94.0	138.0	371.0	329.0	346.0	272.0	316.0	316.0	96.0	97.0	164.0	138.0	126.0	202.0	209.0	126.0	115.0	269.0	207.0
35	353.0	389.0	245.0	371.0	347.0	421.0	320.0	227.0	249.0	180.0	24.0	243.0	301.0	178.0	206.0	97.0	112.0	87.0	92.0	66.0	75.0	114.0	390.0	119.0	94.0	141.0	379.0	329.0	354.0	276.0	321.0	311.0	96.0	97.0	162.0	141.0	129.0	203.0	211.0	125.0	116.0	273.0	206.0
36	350.0	389.0	248.0	372.0	349.0	423.0	328.0	216.0	248.0	181.0	22.0	240.0	300.0	178.0	204.0	97.0	113.0	87.0	96.0	67.0	76.0	110.0	396.0	119.0	101.0	142.0	379.0	332.0	356.0	279.0	322.0	315.0	97.0	95.0	163.0	140.0	127.0	202.0	216.0	130.0	116.0	269.0	213.0
37	353.0	391.0	251.0	374.0	354.0	427.0	326.0	226.0	250.0	184.0	21.0	238.0	297.0	181.0	211.0	97.0	115.0	88.0	94.0	70.0	74.0	113.0	395.0	120.0	100.0	142.0	380.0	337.0	360.0	281.0	323.0	313.0	96.0	99.0	164.0	141.0	126.0	204.0	215.0	127.0	122.0	272.0	211.0
38	358.0	391.0	250.0	376.0	351.0	435.0	326.0	230.0	253.0	184.0	24.0	243.0	304.0	178.0	210.0	100.0	114.0	91.0	96.0	69.0	78.0	114.0	399.0	121.0	100.0	138.0	384.0	332.0	365.0	284.0	329.0	318.0	96.0	101.0	172.0	143.0	135.0	205.0	222.0	127.0	118.0	274.0	209.0
39	360.0	401.0	252.0	377.0	356.0	433.0	326.0	224.0	249.0	185.0	26.0	248.0	297.0	183.0	211.0	102.0	116.0	86.0	91.0	71.0	79.0	113.0	405.0	119.0	98.0	141.0	384.0	333.0	369.0	290.0	331.0	322.0	98.0	104.0	175.0	144.0	131.0	210.0	226.0	132.0	122.0	280.0	222.0
40	359.0	397.0	254.0	378.0	357.0	439.0	336.0	226.0	252.0	182.0	25.0	246.0	299.0	187.0	210.0	97.0	115.0	94.0	96.0	75.0	80.0	116.0	403.0	123.0	101.0	141.0	389.0	336.0	364.0	288.0	329.0	319.0	98.0	104.0	172.0	150.0	132.0	211.0	224.0	137.0	123.0	282.0	223.0
41	359.0	397.0	255.0	382.0	363.0	437.0	337.0	233.0	255.0	183.0	22.0	244.0	306.0	187.0	216.0	100.0	116.0	87.0	96.0	73.0	75.0	115.0	401.0	123.0	99.0	145.0	382.0	345.0	371.0	299.0	331.0	317.0	100.0	105.0	176.0	148.0	131.0	214.0	225.0	130.0	127.0	284.0	225.0
42	363.0	405.0	258.0	382.0	360.0	441.0	330.0	236.0	257.0	187.0	27.0	250.0	308.0	188.0	217.0	102.0	117.0	89.0	95.0	77.0	79.0	117.0	416.0	122.0	102.0	142.0	390.0	344.0	373.0	292.0	332.0	323.0	99.0	107.0	175.0	150.0	137.0	219.0	230.0	132.0	127.0	279.0	223.0
43	372.0	404.0	258.0	387.0	362.0	438.0	335.0	233.0	258.0	186.0	28.0	248.0	310.0	188.0	217.0	109.0	117.0	87.0	99.0	75.0	81.0	116.0	413.0	124.0	102.0	146.0	386.0	342.0	389.0	305.0	339.0	325.0	101.0	107.0	175.0	155.0	134.0	215.0	231.0	136.0	127.0	287.0	228.0
44	368.0	400.0	256.0	385.0	364.0	447.0	336.0	240.0	256.0	189.0	26.0	250.0	310.0	192.0	218.0	105.0	121.0	87.0	97.0	74.0	80.0	118.0	416.0	124.0	97.0	148.0	390.0	341.0	381.0	308.0	338.0	327.0	102.0	105.0	178.0	160.0	135.0	224.0	231.0	142.0	130.0	290.0	227.0
45	367.0	402.0	269.0	393.0	373.0	456.0	344.0	242.0	256.0	186.0	26.0	249.0	310.0	191.0	220.0	104.0	115.0	95.0	100.0	75.0	78.0	120.0	411.0	121.0	102.0	152.0	391.0	347.0	380.0	307.0	345.0	323.0	100.0	111.0	174.0	161.0	137.0	222.0	235.0	143.0	129.0	294.0	232.0
46	377.0	411.0	271.0	392.0	368.0	460.0	346.0	233.0	261.0	188.0	23.0	249.0	311.0	188.0	225.0	105.0	115.0	92.0	104.0	81.0	81.0	118.0	421.0	127.0	101.0	150.0	392.0	344.0	385.0	318.0	345.0	325.0	100.0	112.0	187.0	157.0	134.0	223.0	239.0	139.0	132.0	293.0	243.0
47	372.0	411.0	259.0	390.0	372.0	459.0	352.0	243.0	258.0	190.0	28.0	250.0	314.0	194.0	219.0	107.0	122.0	101.0	98.0	82.0	78.0	118.0	425.0	123.0	107.0	152.0	397.0	355.0	384.0	308.0	341.0	332.0	102.0	108.0	184.0	155.0	145.0	225.0	247.0	142.0	134.0	303.0	242.0
48	377.0	406.0	269.0	393.0	374.0	458.0	345.0	242.0	258.0	193.0	32.0	249.0	314.0	196.0	224.0	112.0	120.0	98.0	97.0	84.0	82.0	121.0	419.0	125.0	106.0	150.0	404.0	342.0	390.0	322.0	347.0	332.0	100.0	110.0	190.0	153.0	145.0	236.0	247.0	139.0	139.0	296.0	241.0
49	377.0	421.0	266.0	400.0	373.0	459.0	343.0	241.0	262.0	190.0	34.0	260.0	314.0	198.0	221.0	108.0	121.0	95.0	106.0	82.0	87.0	118.0	426.0	126.0	102.0	147.0	396.0	354.0	394.0	316.0	347.0	328.0	101.0	108.0	189.0	168.0	138.0	246.0	251.0	144.0	138.0	307.0	244.0
50	380.0	425.0	271.0	398.0	381.0	464.0	350.0	244.0	264.0	192.0	35.0	260.0	320.0	194.0	232.0	107.0	120.0	98.0	101.0	81.0	88.0	121.0	435.0	124.0	108.0	149.0	402.0	357.0	393.0	325.0	354.0	335.0	101.0	107.0	185.0	167.0	140.0	238.0	247.0	144.0	142.0	309.0	245.0
51	380.0	417.0	275.0	394.0	374.0	479.0	351.0	252.0	265.0	193.0	33.0	260.0	320.0	198.0	227.0	108.0	119.0	100.0	102.0	82.0	86.0	120.0	432.0	127.0	112.0	155.0	410.0	354.0	405.0	332.0	357.0	337.0	102.0	114.0	190.0	167.0	142.0	239.0	257.0	144.0	135.0	304.0	248.0
52	385.0	426.0	271.0	401.0	375.0	475.0	350.0	248.0	265.0	192.0	31.0	260.0	318.0	199.0	228.0	110.0	125.0	101.0	97.0	88.0	87.0	125.0	436.0	126.0	107.0	151.0	403.0	356.0	407.0	328.0	354.0	337.0	100.0	113.0	195.0	169.0	143.0	245.0	258.0	148.0	138.0	308.0	249.0
53	379.0	430.0	278.0	400.0	380.0	476.0	357.0	249.0	266.0	196.0	31.0	261.0	325.0	200.0	235.0	109.0	125.0	99.0	107.0	87.0	87.0	127.0	437.0	129.0	110.0	154.0	410.0	360.0	408.0	336.0	361.0	337.0	102.0	116.0	193.0	165.0	145.0	243.0	258.0	143.0	138.0	311.0	246.0
54	389.0	431.0	281.0	403.0	376.0	481.0	363.0	247.0	268.0	192.0	33.0	262.0	324.0	201.0	229.0	112.0	126.0	102.0	107.0	87.0	89.0	126.0	441.0	128.0	110.0	159.0	407.0	354.0	399.0	336.0	367.0	339.0	105.0	113.0	193.0	169.0	143.0	244.0	257.0	146.0	141.0	311.0	256.0
55	388.0	422.0	279.0	407.0	387.0	476.0	368.0	257.0	266.0	193.0	34.0	267.0	325.0	203.0	235.0	113.0	126.0	98.0	108.0	90.0	91.0	127.0	447.0	131.0	113.0	160.0	408.0	371.0	409.0	341.0	355.0	340.0	105.0	115.0	196.0	174.0	146.0	252.0	259.0	145.0	152.0	319.0	261.0
56	393.0	432.0	271.0	409.0	389.0	487.0	367.0	252.0	268.0	194.0	33.0	263.0	321.0	204.0	239.0	114.0	127.0	105.0	105.0	91.0	93.0	132.0	444.0	129.0	112.0	156.0	409.0	367.0	412.0	341.0	362.0	336.0	107.0	117.0	203.0	180.0	151.0	254.0	270.0	149.0	149.0	309.0	263.0
57	398.0	436.0	275.0	399.0	388.0	487.0	371.0	252.0	270.0	199.0	36.0	264.0	324.0	207.0	241.0	112.0	123.0	98.0	106.0	91.0	91.0	126.0	447.0	128.0	114.0	156.0	414.0	362.0	407.0	340.0	368.0	343.0	105.0	115.0	203.0	175.0	150.0	253.0	266.0	147.0	149.0	321.0	268.0
58	392.0	433.0	281.0	407.0	392.0	498.0	364.0	251.0	270.0	200.0	34.0	267.0	325.0	207.0	238.0	110.0	130.0	104.0	110.0	90.0	88.0	131.0	450.0	130.0	111.0	158.0	407.0	365.0	415.0	344.0	364.0	345.0	108.0	123.0	206.0	180.0	157.0	251.0	274.0	148.0	149.0	324.0	265.0
59	392.0	437.0	286.0	410.0	392.0	494.0	369.0	256.0	267.0	199.0	36.0	265.0	331.0	205.0	237.0	115.0	126.0	101.0	111.0	91.0	92.0	132.0	458.0	128.0	114.0	160.0	412.0	363.0	414.0	349.0	366.0	339.0	105.0	115.0	205.0	178.0	150.0	254.0	275.0	154.0	152.0	320.0	265.0
60	392.0	435.0	285.0	409.0	395.0	490.0	368.0	257.0	271.0	196.0	35.0	268.0	331.0	206.0	239.0	112.0	129.0	101.0	113.0	90.0	93.0	131.0	452.0	130.0	112.0	161.0	420.0	367.0	423.0	346.0	371.0	343.0	108.0	122.0	204.0	180.0	156.0	255.0	272.0	150.0	148.0	325.0	269.0
61	398.0	438.0	283.0	411.0	386.0	495.0	370.0	263.0	271.0	195.0	37.0	269.0	332.0	208.0	245.0	113.0	129.0	102.0	112.0	87.0	93.0	131.0	458.0	128.0	113.0	160.0	411.0	372.0	422.0	346.0	364.0	343.0	109.0	121.0	208.0	179.0	155.0	255.0	278.0	150.0	151.0	326.0	270.0
62	394.0	438.0	284.0	414.0	398.0	501.0	369.0	259.0	271.0	196.0	34.0	266.0	327.0	211.0	239.0	120.0	128.0	103.0	109.0	94.0	90.0	130.0	453.0	131.0	115.0	160.0	418.0	372.0	428.0	359.0	367.0	343.0	107.0	118.0	209.0	184.0	156.0	264.0	273.0	152.0	153.0	326.0	275.0
63	400.0	438.0	287.0	416.0	396.0	490.0	368.0	257.0	269.0	198.0	36.0	269.0	332.0	209.0	240.0	117.0	130.0	106.0	112.0	95.0	92.0	130.0	455.0	131.0	113.0	159.0	419.0	374.0	423.0	351.0	370.0	343.0	108.0	120.0	208.0	181.0	152.0	257.0	270.0	151.0	154.0	331.0	278.0
64	399.0	441.0	289.0	416.0	393.0	498.0	374.0	260.0	272.0	197.0	37.0	268.0	332.0	208.0	246.0	117.0	129.0	103.0	113.0	97.0	94.0	131.0	451.0	130.0	117.0	163.0	419.0	373.0	429.0	360.0	373.0	346.0	107.0	119.0	208.0	180.0	151.0	263.0	279.0	154.0	157.0	328.0	275.0
65	399.0	444.0	291.0	409.0	398.0	508.0	371.0	264.0	273.0	200.0	37.0	270.0	335.0	212.0	245.0	119.0	129.0	106.0	113.0	97.0	96.0	132.0	468.0	130.0	114.0	161.0	415.0	376.0	430.0	353.0	379.0	344.0	107.0	121.0	212.0	184.0	153.0	262.0	279.0	153.0	158.0	328.0	274.0
66	396.0	445.0	284.0	419.0	397.0	499.0	374.0	262.0	272.0	200.0	38.0	270.0	333.0	213.0	244.0	115.0	131.0	105.0	112.0	99.0	93.0	130.0	465.0	132.0	116.0	162.0	417.0	370.0	426.0	358.0	377.0	347.0	109.0	123.0	208.0	182.0	157.0	267.0	278.0	153.0	157.0	326.0	272.0
67	403.0	444.0	292.0	413.0	399.0	511.0	377.0	263.0	272.0	197.0	37.0	269.0	335.0	213.0	246.0	119.0	130.0	107.0	111.0	93.0	94.0	131.0	461.0	130.0	118.0	159.0	420.0	374.0	428.0	363.0	380.0	346.0	108.0	124.0	214.0	185.0	155.0	270.0	280.0	156.0	156.0	334.0	275.0
68	400.0	441.0	290.0	417.0	399.0	508.0	380.0	265.0	274.0	197.0	39.0	272.0	333.0	214.0	245.0	120.0	131.0	105.0	112.0	98.0	95.0	132.0	466.0	131.0	115.0	163.0	420.0	375.0	430.0	358.0	377.0	348.0	107.0	124.0	213.0	188.0	155.0	266.0	282.0	155.0	155.0	331.0	279.0
69	402.0	446.0	292.0	418.0	394.0	510.0	373.0	264.0	272.0	198.0	39.0	271.0	331.0	216.0	247.0	119.0	131.0	104.0	112.0	98.0	95.0	133.0	465.0	130.0	117.0	163.0	419.0	375.0	435.0	359.0	376.0	348.0	110.0	124.0	215.0	192.0	157.0	268.0	283.0	155.0	157.0	334.0	284.0
70	403.0	448.0	294.0	416.0	396.0	508.0	380.0	266.0	272.0	200.0	38.0	270.0	335.0	212.0	246.0	119.0	130.0	103.0	114.0	98.0	94.0	132.0	465.0	131.0	118.0	163.0	421.0	376.0	431.0	361.0	378.0	347.0	110.0	123.0	213.0	187.0	156.0	271.0	283.0	157.0	159.0	337.0	283.0
71	399.0	446.0	294.0	419.0	398.0	511.0	380.0	263.0	275.0	199.0	38.0	270.0	334.0	215.0	246.0	118.0	129.0	107.0	113.0	97.0	96.0	133.0	465.0	132.0	117.0	163.0	422.0	375.0	435.0	365.0	376.0	346.0	108.0	123.0	214.0	189.0	157.0	271.0	279.0	157.0	158.0	333.0	277.0
72	400.0	447.0	292.0	419.0	398.0	513.0	377.0	264.0	273.0	200.0	38.0	272.0	337.0	216.0	247.0	120.0	132.0	105.0	114.0	97.0	92.0	133.0	467.0	130.0	118.0	165.0	422.0	378.0	435.0	363.0	378.0	350.0	109.0	123.0	213.0	187.0	156.0	273.0	286.0	157.0	159.0	331.0	280.0
73	406.0	447.0	293.0	419.0	400.0	509.0	381.0	267.0	274.0	200.0	37.0	271.0	336.0	214.0	247.0	119.0	131.0	106.0	114.0	95.0	95.0	133.0	467.0	132.0	116.0	164.0	421.0	377.0	433.0	363.0	380.0	347.0	110.0	122.0	215.0	190.0	157.0	270.0	284.0	156.0	159.0	337.0	282.0
74	405.0	447.0	290.0	419.0	400.0	512.0	378.0	267.0	276.0	201.0	39.0	271.0	335.0	217.0	247.0	120.0	132.0	107.0	113.0	98.0	95.0	133.0	468.0	131.0	118.0	165.0	419.0	375.0	434.0	364.0	377.0	347.0	110.0	125.0	216.0	191.0	158.0	270.0	285.0	153.0	160.0	337.0	285.0
75	404.0	446.0	293.0	421.0	399.0	511.0	377.0	268.0	274.0	201.0	38.0	272.0	336.0	217.0	247.0	120.0	131.0	106.0	113.0	99.0	96.0	134.0	468.0	132.0	118.0	164.0	420.0	379.0	436.0	366.0	381.0	349.0	110.0	125.0	213.0	190.0	159.0	272.0	286.0	156.0	158.0	338.0	281.0
76	405.0	446.0	295.0	418.0	400.0	508.0	379.0	267.0	276.0	201.0	37.0	272.0	337.0	217.0	247.0	120.0	131.0	106.0	114.0	99.0	95.0	134.0	467.0	133.0	118.0	164.0	419.0	377.0	438.0	367.0	379.0	348.0	110.0	125.0	215.0	188.0	157.0	272.0	286.0	156.0	159.0	334.0	285.0
77	404.0	449.0	293.0	419.0	400.0	514.0	379.0	265.0	275.0	201.0	39.0	272.0	335.0	217.0	248.0	119.0	130.0	106.0	114.0	99.0	95.0	133.0	467.0	133.0	118.0	163.0	421.0	376.0	437.0	366.0	381.0	350.0	109.0	125.0	215.0	191.0	159.0	271.0	285.0	157.0	161.0	336.0	283.0
78	404.0	446.0	295.0	418.0	400.0	507.0	381.0	268.0	274.0	200.0	38.0	271.0	335.0	216.0	249.0	120.0	131.0	107.0	113.0	98.0	96.0	133.0	470.0	131.0	118.0	164.0	422.0	379.0	436.0	363.0	383.0	349.0	110.0	125.0	217.0	191.0	158.0	272.0	287.0	156.0	159.0	336.0	282.0
79	406.0	449.0	295.0	419.0	399.0	510.0	378.0	267.0	275.0	200.0	38.0	272.0	336.0	216.0	249.0	120.0	132.0	106.0	114.0	99.0	96.0	134.0	468.0	133.0	118.0	165.0	422.0	378.0	434.0	366.0	382.0	350.0	110.0	123.0	216.0	190.0	159.0	270.0	288.0	156.0	159.0	338.0	285.0
80	404.0	447.0	294.0	419.0	401.0	514.0	379.0	267.0	276.0	201.0	38.0	273.0	336.0	217.0	249.0	119.0	132.0	107.0	114.0	98.0	96.0	133.0	470.0	133.0	118.0	165.0	420.0	379.0	437.0	367.0	382.0	349.0	110.0	124.0	217.0	188.0	158.0	270.0	287.0	157.0	158.0	337.0	285.0
81	404.0	449.0	295.0	420.0	401.0	512.0	380.0	267.0	276.0	201.0	39.0	273.0	337.0	217.0	248.0	120.0	132.0	107.0	114.0	99.0	96.0	132.0	468.0	133.0	118.0	165.0	422.0	379.0	435.0	365.0	382.0	349.0	110.0	125.0	215.0	192.0	158.0	274.0	288.0	156.0	160.0	337.0	285.0
82	406.0	448.0	294.0	420.0	401.0	513.0	381.0	268.0	275.0	201.0	39.0	273.0	334.0	216.0	247.0	119.0	132.0	106.0	114.0	99.0	95.0	134.0	470.0	133.0	118.0	164.0	423.0	379.0	437.0	367.0	383.0	350.0	109.0	125.0	217.0	191.0	159.0	274.0	287.0	157.0	161.0	337.0	284.0
83	405.0	448.0	293.0	421.0	399.0	512.0	379.0	266.0	276.0	200.0	39.0	272.0	336.0	213.0	249.0	120.0	132.0	107.0	114.0	99.0	96.0	133.0	470.0	133.0	118.0	164.0	421.0	378.0	436.0	366.0	382.0	350.0	110.0	125.0	216.0	189.0	159.0	272.0	287.0	157.0	159.0	338.0	286.0
84	404.0	449.0	294.0	421.0	401.0	514.0	381.0	267.0	275.0	201.0	39.0	273.0	335.0	217.0	248.0	120.0	132.0	107.0	113.0	98.0	96.0	133.0	468.0	133.0	118.0	165.0	423.0	376.0	438.0	368.0	383.0	349.0	110.0	124.0	217.0	192.0	159.0	274.0	287.0	157.0	158.0	338.0	285.0
85	406.0	449.0	295.0	420.0	401.0	513.0	381.0	268.0	276.0	200.0	39.0	273.0	337.0	217.0	249.0	119.0	132.0	107.0	113.0	99.0	96.0	134.0	469.0	133.0	118.0	163.0	423.0	379.0	437.0	367.0	383.0	349.0	109.0	125.0	217.0	189.0	159.0	274.0	287.0	157.0	161.0	338.0	285.0
86	406.0	449.0	294.0	420.0	401.0	514.0	381.0	268.0	275.0	201.0	39.0	273.0	337.0	217.0	248.0	120.0	132.0	107.0	114.0	99.0	95.0	134.0	470.0	133.0	118.0	165.0	423.0	379.0	438.0	368.0	383.0	350.0	110.0	125.0	217.0	192.0	159.0	274.0	287.0	157.0	161.0	338.0	283.0
87	406.0	449.0	295.0	420.0	401.0	514.0	380.0	268.0	276.0	201.0	39.0	273.0	337.0	216.0	249.0	120.0	132.0	107.0	113.0	99.0	96.0	134.0	470.0	133.0	118.0	165.0	422.0	379.0	437.0	368.0	381.0	350.0	110.0	124.0	217.0	192.0	158.0	274.0	288.0	157.0	161.0	337.0	286.0
88	406.0	448.0	294.0	421.0	401.0	514.0	380.0	268.0	276.0	200.0	39.0	273.0	337.0	217.0	249.0	120.0	132.0	106.0	114.0	99.0	96.0	134.0	469.0	133.0	118.0	165.0	423.0	379.0	438.0	368.0	383.0	350.0	110.0	125.0	217.0	191.0	159.0	273.0	288.0	156.0	161.0	336.0	285.0
89	406.0	449.0	295.0	421.0	401.0	514.0	381.0	268.0	276.0	201.0	39.0	273.0	337.0	217.0	249.0	120.0	132.0	107.0	114.0	99.0	96.0	134.0	468.0	133.0	118.0	165.0	422.0	379.0	438.0	368.0	383.0	350.0	110.0	125.0	217.0	191.0	159.0	274.0	287.0	157.0	161.0	338.0	286.0
90	406.0	449.0	295.0	421.0	400.0	514.0	381.0	268.0	276.0	201.0	39.0	273.0	337.0	217.0	249.0	120.0	132.0	107.0	114.0	99.0	96.0	134.0	470.0	133.0	118.0	165.0	423.0	379.0	438.0	368.0	382.0	350.0	110.0	125.0	217.0	192.0	159.0	274.0	288.0	157.0	161.0	338.0	285.0
91	406.0	448.0	295.0	421.0	401.0	514.0	381.0	267.0	276.0	201.0	39.0	273.0	336.0	216.0	249.0	120.0	132.0	107.0	113.0	99.0	96.0	134.0	470.0	133.0	118.0	164.0	423.0	379.0	438.0	368.0	382.0	350.0	110.0	125.0	217.0	192.0	159.0	274.0	288.0	157.0	161.0	338.0	286.0
92	406.0	448.0	295.0	421.0	401.0	514.0	381.0	268.0	276.0	201.0	39.0	273.0	337.0	217.0	248.0	120.0	132.0	107.0	114.0	99.0	96.0	133.0	469.0	133.0	117.0	165.0	423.0	379.0	438.0	368.0	383.0	350.0	110.0	125.0	217.0	192.0	158.0	273.0	288.0	157.0	161.0	338.0	285.0
93	406.0	449.0	295.0	421.0	401.0	514.0	381.0	268.0	276.0	201.0	39.0	273.0	337.0	217.0	249.0	120.0	132.0	107.0	114.0	99.0	96.0	134.0	470.0	133.0	118.0	165.0	423.0	379.0	438.0	368.0	383.0	350.0	110.0	125.0	217.0	192.0	159.0	274.0	288.0	157.0	161.0	338.0	285.0
94	406.0	449.0	295.0	421.0	401.0	514.0	381.0	268.0	276.0	201.0	39.0	273.0	337.0	217.0	249.0	120.0	132.0	107.0	114.0	99.0	96.0	134.0	470.0	133.0	118.0	165.0	423.0	379.0	438.0	368.0	383.0	350.0	110.0	125.0	217.0	192.0	159.0	274.0	288.0	157.0	161.0	338.0	286.0
95	406.0	449.0	295.0	421.0	401.0	514.0	381.0	268.0	276.0	201.0	39.0	273.0	337.0	217.0	249.0	120.0	132.0	107.0	114.0	99.0	96.0	134.0	470.0	133.0	118.0	165.0	423.0	378.0	438.0	367.0	383.0	350.0	110.0	125.0	217.0	192.0	159.0	274.0	288.0	157.0	161.0	338.0	286.0
96	406.0	449.0	295.0	421.0	401.0	514.0	380.0	268.0	276.0	201.0	39.0	273.0	337.0	217.0	249.0	120.0	132.0	107.0	114.0	99.0	96.0	134.0	470.0	133.0	118.0	165.0	423.0	379.0	438.0	368.0	383.0	350.0	110.0	125.0	217.0	192.0	159.0	274.0	288.0	157.0	161.0	338.0	286.0
97	406.0	449.0	295.0	421.0	401.0	514.0	381.0	268.0	276.0	201.0	39.0	273.0	337.0	217.0	249.0	120.0	132.0	107.0	114.0	99.0	96.0	134.0	470.0	133.0	118.0	165.0	423.0	379.0	438.0	368.0	383.0	350.0	110.0	125.0	217.0	192.0	159.0	274.0	288.0	157.0	161.0	338.0	286.0
98	406.0	449.0	295.0	421.0	401.0	514.0	381.0	268.0	276.0	201.0	39.0	273.0	337.0	217.0	249.0	120.0	132.0	107.0	114.0	99.0	96.0	134.0	470.0	133.0	118.0	165.0	423.0	379.0	438.0	367.0	383.0	350.0	110.0	125.0	217.0	192.0	159.0	274.0	288.0	157.0	161.0	338.0	286.0
99	406.0	449.0	295.0	421.0	401.0	514.0	381.0	268.0	276.0	201.0	39.0	273.0	337.0	217.0	249.0	120.0	132.0	107.0	114.0	99.0	96.0	134.0	470.0	133.0	118.0	165.0	423.0	379.0	438.0	368.0	382.0	350.0	110.0	125.0	217.0	192.0	159.0	274.0	288.0	157.0	161.0	338.0	286.0
100	406.0	449.0	295.0	421.0	401.0	514.0	381.0	268.0	276.0	201.0	39.0	273.0	337.0	217.0	249.0	120.0	132.0	107.0	114.0	99.0	96.0	134.0	470.0	133.0	118.0	165.0	423.0	379.0	438.0	368.0	383.0	350.0	110.0	125.0	217.0	192.0	159.0	274.0	288.0	157.0	160.0	338.0	286.0
