Order	A.0	A.1	A.11	A.12	A.13	A.14	A.15	A.16	A.17	A.2	A.20	A.21	A.23	A.24	A.25	A.26	A.27	A.28	A.29	A.3	A.30	A.32	A.34	A.4	A.5	A.6	A.7	A.8	A.9	BS.2	CS.2	G.1	G.2	G.3	G.4	G.5	GR.01	LW.1	T.1	All
Unassigned	14	7.65	5.39	4.76	4.25	4.84	3.97	3.7	3.54	5.51	2.51	4.34	6.36	7.83	8.66	8.47	12.1	9.82	17.1	7.2	14.7	12.9	5.23	6.61	6.23	6.68	5.38	4.26	4.45	15	27.2	19.4	18.6	12.6	16.3	22.8	11.7	24.2	9.65	14.7
Sphingobacteriales	10.7	4.96	3.18	3.33	3.27	3.78	4.11	3.82	5.38	3.27	4.15	5.13	8.53	10.7	11.7	12.4	16.1	15	10.7	4.62	11.8	10.2	13.3	3.83	3.89	4.19	3.04	3.36	2.98	9.41	10.5	4.02	4.24	2.55	2.47	1.93	5.46	6.95	2.87	8.2
Planctomycetales	2.41	0.869	0.823	0.663	0.427	0.625	0.446	0.351	0.236	0.781	0.08	0.0838	0.13	0.137	0.0952	0.16	0.232	0.232	0.263	0.933	0.335	0.45	0.789	0.865	0.693	0.865	0.617	0.411	0.385	0.309	0.434	4.41	4.55	2.93	2.71	2.75	1.78	5.24	0.568	5.5
Rhizobiales	3.12	3.32	2.63	2.37	2.16	2.26	2.07	2.05	2.08	2.49	1.57	1.27	3.11	5.14	5.38	6.05	4.96	5.08	6.45	3.17	6.44	6.63	5.49	2.65	2.24	2.8	2.37	1.86	2.3	4.85	5.42	4.57	5.78	3.98	3.36	2.88	6.23	4.69	1.94	5.2
Cytophagales	9.09	4.08	4.22	3.94	3.62	3.59	5.33	4.07	6.91	3.28	8.22	9.27	13.5	12.8	11.1	11.3	8.87	11.5	6.25	3.56	10.2	8.04	7.65	2.96	2.85	3.56	3.13	3.28	2.92	2.91	5.71	2.96	3.6	1.73	1.58	2.7	4.95	2.67	2.58	4.5
Burkholderiales	4.42	5.43	6.1	5.62	5.47	6.17	7.21	5.76	4.97	4.59	4.7	3.93	2.33	2.92	2.59	2.07	1.93	2.19	1.71	4.53	3	3.31	4.23	4.8	4.21	5.2	5.28	3.69	4.05	2.85	2.45	3.03	2.11	2.8	2.15	2.42	3.04	1.62	1.43	4.2
Sphingomonadales	2.45	2.8	1.68	1.41	1.28	1.44	1.19	1.11	1.29	1.77	0.987	0.77	0.991	1.74	1.84	1.95	1.74	2.1	1.57	2.46	1.5	1.45	0.85	1.76	1.55	1.42	1.26	1.1	1.28	1.32	0.994	1.41	0.911	1.97	1.28	0.518	1.04	1.7	0.987	3.8
Micrococcales	7.77	16.3	18.5	18.2	17.3	17.8	14.4	13.8	15.3	13.6	19.1	17.3	6.82	9.35	8.08	6.55	4.2	5.75	4.82	15.6	6.57	5.77	10.5	17	15.3	16.7	17.7	16.7	17	10.6	7.76	17.8	10.5	20.1	20.4	10.8	26.3	7.86	19.3	3.7
Flavobacteriales	7.26	4.14	2.02	2.87	2.76	3.26	3.73	2.85	3.11	2.27	2.47	3.02	3.35	4.13	5.21	5.27	4.82	3.28	4.49	3.71	1.74	4.76	2.01	2.66	2.91	2.85	2.26	1.9	2.33	14.5	6.03	0.411	0.674	0.739	0.598	0.29	1.99	0.507	2.8	3.3
Propionibacteriales	2.29	4.85	3.44	3.44	3.39	3.47	2.29	2.77	3.83	3.63	3.27	2.31	3.01	4.41	4.14	3.52	3.41	3.59	4.71	4.33	4.5	4.26	3.6	3.59	3.48	3.7	4.47	3.2	2.85	2.87	2.91	5.73	4.77	5.33	5.15	1.39	11.1	5.17	2.21	3.0
Xanthomonadales	2.16	2.59	1.78	1.36	1.33	1.4	1.51	1.68	1.14	1.54	1.1	0.827	2.03	3.04	3.76	4.26	3.27	3.51	3.67	2.14	2.56	3.06	2.24	1.98	1.57	1.57	1.6	1.09	1.21	3.81	2.07	0.792	1.62	1.62	1.39	3.18	1.03	0.758	0.347	3.0
Pseudomonadales	5.14	13.9	25	27.5	31.8	28.3	32.5	37.1	30.4	31.7	32.8	35.9	37.2	19.4	18.5	16.5	15.7	16.6	18.5	22	15	16.8	20.6	23	25	22	23.5	32.8	31.5	14.2	11.7	8.02	11.4	14.1	13.9	23	14.4	12	13.4	2.7
Bacillales	6.33	9.89	12.1	13.5	13	12.5	10.8	11.2	10.1	11.4	10.7	8.29	1.23	2.24	1.18	0.888	0.853	1.08	1.01	9.32	1.07	1.22	1.93	13.1	15.5	14.5	17.2	16.8	16.5	2.55	2.78	6.41	2.08	5.56	4.77	1.76	0.244	2.43	32	2.2
Acidimicrobiales	0.846	1.1	0.556	0.438	0.366	0.408	0.358	0.293	0.202	0.777	0.103	0.0762	0.0533	0.107	0.145	0.122	0.152	0.156	0.198	0.918	0.152	0.194	0.179	0.701	0.602	0.598	0.671	0.343	0.404	0.103	0.149	1.49	2.9	2.08	1.82	1.21	0.705	1.95	0.404	2.0
Thermoplasmatales	1.73	1.06	0.602	0.339	0.37	0.411	0.354	0.217	0.0533	0.549	0.0114	0.00762	0.00381	0.019	0.0114	0.019	0.0114	0.00762	0.00381	1.15	0.0343	0.0419	0.232	1.18	0.792	0.88	0.591	0.217	0.309	0.019	0.0343	0.625	1.44	1.45	4.64	4.32	0.206	0.564	0.0343	1.7
Subgroup_6	0.743	0.739	0.362	0.324	0.21	0.297	0.324	0.229	0.145	0.484	0.0495	0.0457	0.0686	0.0686	0.0571	0.0762	0.141	0.114	0.145	0.499	0.122	0.122	0.145	0.575	0.328	0.377	0.309	0.232	0.32	0.0762	0.0876	0.53	0.983	0.983	0.499	0.819	0.16	0.64	0.16	1.5
Rhodospirillales	0.37	0.549	0.354	0.232	0.232	0.248	0.271	0.282	0.133	0.373	0.107	0.0991	0.0762	0.137	0.122	0.122	0.08	0.0876	0.118	0.453	0.0838	0.21	0.213	0.415	0.278	0.362	0.373	0.221	0.24	0.171	0.168	0.594	0.872	0.659	0.511	0.522	0.408	0.457	0.232	1.5
Anaerolineales	0.945	0.328	0.175	0.183	0.103	0.107	0.13	0.0724	0.107	0.259	0.0305	0.019	0.0267	0.0457	0.0343	0.0267	0.0648	0.11	0.118	0.309	0.0952	0.229	0.118	0.183	0.164	0.305	0.213	0.126	0.13	0.0914	0.107	1.46	4.72	1.1	0.895	1.89	0.503	1.3	0.312	1.5
Solirubrobacterales	0.503	0.872	0.533	0.339	0.271	0.32	0.251	0.171	0.126	0.522	0.0876	0.0648	0.0305	0.0533	0.0457	0.0495	0.0267	0.0343	0.0381	0.712	0.0267	0.0495	0.0724	0.518	0.419	0.465	0.488	0.324	0.335	0.0343	0.0381	2.01	2.2	2.11	2.05	0.952	0.876	1.57	0.21	1.4
Myxococcales	0.297	0.354	0.312	0.175	0.183	0.202	0.183	0.13	0.0762	0.312	0.0343	0.0381	0.00762	0.0229	0.0152	0.019	0.0419	0.0381	0.019	0.392	0.0533	0.0571	0.0648	0.309	0.301	0.301	0.305	0.171	0.164	0.0648	0.0533	0.244	0.876	0.606	0.434	1.12	0.149	0.309	0.0914	1.4
Caulobacterales	0.674	0.61	0.495	0.469	0.491	0.526	0.545	0.499	0.693	0.484	0.766	0.61	3.04	4.41	5.42	5.43	4.97	4.24	4.55	0.511	3.52	6.14	4.4	0.499	0.453	0.419	0.404	0.362	0.476	3.57	4.36	0.339	0.343	0.495	0.293	0.4	1.07	0.358	0.282	1.4
WD2101_soil_group	0.583	0.312	0.19	0.187	0.114	0.171	0.164	0.137	0.114	0.312	0.0381	0.0495	0.0762	0.118	0.133	0.141	0.248	0.312	0.324	0.343	0.21	0.358	0.232	0.309	0.225	0.217	0.118	0.149	0.175	0.156	0.255	0.469	0.141	0.503	0.465	0.251	0.168	0.667	0.194	1.3
Bdellovibrionales	0.648	0.236	0.126	0.0724	0.114	0.0876	0.0991	0.0495	0.0724	0.183	0.126	0.381	0.77	0.869	0.937	0.796	1.61	1.08	1.14	0.221	1.2	1.5	0.655	0.164	0.16	0.187	0.0952	0.0952	0.126	0.823	0.964	0.141	0.152	0.145	0.103	0.248	0.133	0.248	0.0457	1.2
Gemmatimonadales	0.465	0.476	0.309	0.229	0.21	0.244	0.213	0.187	0.11	0.45	0.0457	0.122	0.08	0.0838	0.08	0.0838	0.11	0.133	0.0914	0.415	0.183	0.213	0.11	0.446	0.267	0.32	0.316	0.217	0.19	0.0533	0.103	0.229	0.922	0.446	0.434	0.476	0.0762	0.37	0.0762	1.2
Rhodobacterales	0.735	1.94	2.21	2.23	2.14	2.26	2.22	2.13	2.85	1.61	4.14	3	1.55	2.29	1.7	1.48	1.07	1.18	1.38	1.96	1.96	1.65	2.64	1.85	1.65	1.73	1.57	1.94	1.78	1.47	0.991	1.4	0.133	2.6	1.89	0.145	0.331	0.373	2.82	1.2
Frankiales	0.339	1.18	0.796	0.697	0.648	0.796	0.632	0.45	0.297	0.903	0.263	0.229	0.0686	0.114	0.194	0.171	0.141	0.122	0.156	1.1	0.286	0.217	0.13	0.895	0.831	0.872	0.869	0.621	0.652	0.156	0.13	0.366	0.328	0.709	0.53	0.236	0.183	0.373	0.255	1.1
Subgroup_4	1.74	0.469	0.24	0.202	0.194	0.16	0.267	0.259	0.19	0.331	0.126	0.137	0.171	0.263	0.324	0.259	0.488	0.632	0.511	0.431	0.434	0.64	0.29	0.351	0.316	0.335	0.175	0.187	0.225	0.263	0.404	1.19	1.01	0.991	0.743	0.766	0.362	2.02	0.427	1.1
Verrucomicrobiales	1.75	0.591	0.286	0.183	0.202	0.251	0.278	0.274	0.236	0.293	0.11	0.16	1.47	2.7	3.41	4.66	4.3	3.79	3.35	0.541	2.32	1.42	0.865	0.488	0.404	0.45	0.206	0.194	0.187	2.65	2.17	0.297	0.484	0.251	0.183	0.526	1.02	0.671	0.0991	1.0
Nitrosomonadales	0.476	0.522	0.29	0.21	0.168	0.179	0.126	0.0991	0.0648	0.347	0.0229	0.019	0.0152	0.0229	0.0267	0.0114	0.0229	0.0267	0.0381	0.431	0.0305	0.0571	0.259	0.335	0.312	0.297	0.324	0.179	0.206	0.0495	0.0495	1.13	1.69	0.663	0.606	1.25	0.198	2.36	0.133	0.9
JG30-KF-CM45	0.423	0.465	0.411	0.324	0.293	0.263	0.255	0.271	0.381	0.411	0.297	0.29	0.754	1.23	0.922	0.831	0.556	0.93	0.991	0.373	0.861	1.31	1.92	0.37	0.358	0.472	0.347	0.347	0.282	0.431	0.655	0.415	0.392	0.484	0.48	0.19	0.141	0.522	0.366	0.9
Caldilineales	0.427	0.126	0.0838	0.107	0.0686	0.0724	0.0571	0.0724	0.0686	0.156	0.0343	0.019	0.0229	0.0457	0.0533	0.0648	0.0305	0.0762	0.08	0.103	0.0457	0.141	0.168	0.141	0.107	0.145	0.107	0.0495	0.0571	0.0533	0.13	1.12	1.16	0.606	0.511	0.389	0.419	1.02	0.271	0.8
Chthoniobacterales	0.514	0.187	0.137	0.08	0.0686	0.0914	0.0724	0.0762	0.103	0.141	0.0229	0.0305	0.0762	0.0991	0.0876	0.213	0.271	0.343	0.358	0.194	0.373	0.274	0.11	0.156	0.141	0.122	0.0991	0.0648	0.0952	0.0648	0.0495	0.13	0.232	0.24	0.133	0.4	0.301	0.232	0.0381	0.7
Corynebacteriales	0.366	0.354	0.404	0.392	0.469	0.347	0.244	0.286	0.495	0.351	0.362	0.236	1.23	0.861	0.815	0.705	0.61	0.693	0.644	0.324	0.72	0.671	1.57	0.347	0.392	0.465	0.461	0.385	0.324	0.522	0.575	0.118	0.019	0.0838	0.141	0.0419	0.118	0.32	0.351	0.7
Ardenticatenales	0.408	0.187	0.145	0.137	0.156	0.0952	0.0762	0.0991	0.149	0.137	0.0648	0.0419	0.0533	0.0724	0.114	0.156	0.168	0.164	0.16	0.179	0.168	0.251	0.198	0.171	0.179	0.16	0.152	0.137	0.118	0.103	0.156	0.732	0.133	0.972	0.732	0.0229	0.145	0.667	0.45	0.6
Opitutales	0.431	0.11	0.0648	0.0381	0.0533	0.019	0.061	0.0648	0.0381	0.0686	0.00762	0.0114	0.00381	0.019	0.019	0.0152	0.0762	0.118	0.0571	0.137	0.0914	0.396	0.32	0.13	0.11	0.118	0.0571	0.0343	0.0533	0.0914	0.118	0.271	0.495	0.206	0.19	0.171	0.37	0.309	0.0495	0.6
Gaiellales	0.114	0.415	0.206	0.16	0.126	0.149	0.0724	0.0914	0.0571	0.267	0.0114	0.0229	0.00381	0.00762	0.0381	0.0229	0.0152	0.0114	0.0571	0.335	0.0457	0.0381	0.0419	0.202	0.217	0.198	0.244	0.122	0.164	0.00381	0.0381	0.141	0.202	0.278	0.171	0.145	0.0533	0.126	0.0343	0.6
Order_II	0.0762	0.08	0.0914	0.0267	0.0457	0.061	0.0381	0.0495	0.0457	0.0838	0.0267	0.0419	0.0381	0.0305	0.0533	0.114	0.0991	0.0991	0.0914	0.0876	0.171	0.179	0.0686	0.0686	0.0762	0.0991	0.0457	0.08	0.0457	0.118	0.107	0.0419	0.0267	0.0686	0.0533	0.00762	0.0114	0.0991	0.0267	0.5
AT425-EubC11_terrestrial_group	0.168	0.225	0.122	0.0571	0.061	0.0571	0.061	0.114	0.0686	0.206	0.0305	0.0381	0.00762	0.00762	0.0267	0.0229	0.0114	0.0152	0.0419	0.198	0.0495	0.0571	0.152	0.21	0.118	0.152	0.141	0.0914	0.0724	0.0229	0.019	0.0381	0.00762	0.0419	0.0343	0.019	0	0.0686	0.0152	0.5
Kallotenuales	0.229	0.0991	0.0991	0.0952	0.061	0.103	0.0571	0.0457	0.0457	0.114	0.0495	0.0114	0.0267	0.0648	0.061	0.0533	0.0686	0.08	0.0914	0.103	0.141	0.145	0.061	0.0991	0.0876	0.0991	0.107	0.122	0.0419	0.0419	0.107	0.309	0.164	0.19	0.343	0.122	0.198	0.442	0.126	0.4
Chlamydiales	0.19	0.0495	0.0229	0.0533	0.0152	0.0381	0.0267	0.0267	0.0457	0.0495	0.0114	0.0152	0.00381	0.019	0.00762	0.00762	0.00762	0.00762	0.0114	0.0724	0.0152	0.00381	0.00762	0.0533	0.0533	0.0762	0.0419	0.0495	0.0419	0.00762	0	0.488	0.389	0.137	0.274	0.156	0.0991	0.884	0.0914	0.4
Phycisphaerales	0.0914	0.061	0.0648	0.0267	0.0152	0.0267	0.0152	0.00762	0.0229	0.0267	0.00381	0.00381	0	0	0.00762	0.00762	0.00381	0.00762	0.00762	0.0457	0	0	0	0.0267	0.0114	0.0381	0.0381	0.00762	0.0305	0	0.00762	0.221	0.381	0.179	0.16	0.221	0.061	0.267	0.0457	0.4
Chlorobiales	0.248	0.0571	0.0381	0.0495	0.0229	0.0267	0.0381	0.0152	0.0152	0.0457	0.00381	0.0229	0	0.0229	0.0152	0.019	0.0419	0.0457	0.0381	0.061	0.103	0.114	0.0533	0.0305	0.0152	0.0533	0.0381	0.0267	0.0305	0.0381	0.061	0.118	0.823	0.339	0.229	1.46	0.0648	0.213	0.0571	0.3
Subgroup_3	0.11	0.0724	0.0686	0.0457	0.0267	0.019	0.0267	0.0267	0.0305	0.0571	0.00762	0.00762	0	0.0229	0.00381	0.00381	0	0.0152	0.00762	0.0457	0.0114	0.00381	0.00381	0.0686	0.0305	0.0571	0.0419	0.0343	0.0305	0	0.00762	0.118	0.316	0.114	0.061	0.0914	0.0648	0.183	0.0229	0.3
Nitrospirales	0.175	0.114	0.0952	0.0305	0.0571	0.0419	0.0267	0.0419	0.0229	0.122	0	0.0114	0.00381	0.00381	0.0114	0.00381	0.0152	0	0	0.0952	0.0152	0	0.00762	0.13	0.0876	0.0533	0.0495	0.0381	0.0533	0.00762	0.0152	0.499	0.792	0.381	0.305	0.419	0.11	1.08	0.0419	0.3
Subgroup_7	0.183	0.107	0.0762	0.0648	0.0381	0.0571	0.0305	0.0419	0.0267	0.145	0.00762	0.00762	0.00762	0.019	0.0152	0.0267	0.00381	0.00762	0.0267	0.107	0.0305	0.0381	0.0419	0.08	0.0648	0.0838	0.061	0.0305	0.0267	0.0152	0.0305	0.11	0.888	0.19	0.0952	0.13	0.0343	0.453	0.0457	0.3
Legionellales	0.0305	0.0229	0.00381	0.00381	0.00762	0.00381	0.00381	0	0.00381	0.0152	0.00762	0	0	0	0	0	0.00381	0.00381	0.00381	0.00381	0	0	0	0.00381	0.00381	0.00381	0	0.0114	0.00762	0.00381	0	0.19	0.312	0.187	0.08	0.286	0.0533	0.141	0.0114	0.3
Chloroflexales	0.0991	0.0876	0.0648	0.0152	0.0267	0.0419	0.0114	0.019	0.0267	0.0457	0	0.00381	0.00381	0.00762	0.0229	0.0114	0.0114	0.0152	0.0305	0.061	0.0114	0.0229	0.00381	0.0571	0.0571	0.0343	0.0495	0.0419	0.0343	0.019	0.0152	0.892	0.061	0.484	0.602	0.0686	0.389	0.286	0.385	0.3
Cellvibrionales	0.701	0.499	0.366	0.19	0.251	0.171	0.206	0.183	0.103	0.278	0.316	0.819	0.701	1.15	1.57	3.8	5.38	4.15	2.62	0.297	5.73	2.69	4.63	0.335	0.267	0.293	0.282	0.141	0.324	1.25	1.29	0.0267	0.0381	0.019	0.0267	0.0381	0.0343	0.0114	0.0343	0.3
Herpetosiphonales	0.107	0.0876	0.0457	0.0419	0.0229	0.0419	0.0343	0.0114	0.00381	0.0381	0.019	0.0343	0.00762	0.0152	0.019	0.019	0.0381	0.0571	0.118	0.0343	0.0876	0.404	0.118	0.0571	0.0419	0.0495	0.0533	0.0305	0.0343	0.0571	0.0571	0.0495	0.061	0.0571	0.0876	0	0.0152	0.0914	0.0343	0.3
DB1-14	0.0343	0.0152	0.00762	0.00381	0	0.00381	0.00762	0	0.00381	0.0152	0.00381	0.00381	0.00381	0.0152	0.0495	0.0914	0.0991	0.0648	0.171	0.0267	0.331	0.309	0.19	0.019	0.00381	0.0114	0.00381	0.00762	0.00381	0.0381	0.0838	0.0114	0.0114	0.061	0.0343	0.0152	0.00762	0.179	0.0152	0.3
TRA3-20	0.13	0.0533	0.0229	0.0305	0.019	0.0457	0.019	0.019	0.00381	0.0571	0.00381	0	0.00381	0	0.00762	0	0.00381	0.00381	0	0.0571	0.0114	0.019	0.0114	0.061	0.0343	0.0571	0.0305	0.0343	0.0152	0	0.00762	0.278	0.229	0.156	0.16	0.145	0.0876	0.24	0.0305	0.3
Pseudonocardiales	0.0495	0.114	0.0952	0.0876	0.0686	0.0533	0.0686	0.0571	0.0229	0.114	0.019	0.0343	0.00381	0.00381	0	0.0114	0.00381	0.00762	0.0267	0.13	0.0152	0.00381	0.00762	0.0648	0.0914	0.0762	0.061	0.061	0.0724	0.00762	0.00762	0.118	0.0457	0.08	0.118	0.0343	0.0267	0.133	0.019	0.2
Deinococcales	0.019	0.0495	0.0648	0.0533	0.0343	0.0495	0.0381	0.0571	0.122	0.0419	0.061	0.0457	0.0114	0.0229	0.0267	0.019	0.0229	0.0305	0.0229	0.0648	0.019	0.0343	0.019	0.061	0.0267	0.0914	0.0267	0.0495	0.0495	0.0267	0.0762	0.0152	0	0.0457	0.0267	0.00381	0	0.0229	0.0229	0.2
Streptomycetales	0.152	0.453	0.309	0.221	0.229	0.213	0.198	0.164	0.141	0.305	0.114	0.0495	0.0114	0.0114	0.00381	0.0229	0.00381	0.0229	0.0229	0.309	0.019	0.0229	0.0267	0.335	0.251	0.301	0.312	0.251	0.263	0.0114	0.0114	0.465	0.796	0.415	0.556	0.0991	0.141	0.164	0.0495	0.2
Unknown_Order	0.77	0.396	0.183	0.244	0.13	0.126	0.187	0.107	0.0686	0.229	0.0267	0.0381	0	0	0.00381	0.00762	0.00762	0.00762	0.0114	0.396	0.00762	0.00762	0.019	0.29	0.297	0.248	0.156	0.156	0.13	0.00762	0	0.118	0.541	0.171	0.37	0.77	0.00381	0.297	0.0533	0.2
S0134_terrestrial_group	0.0952	0.0533	0.0533	0.0267	0.0229	0.019	0.0229	0.0343	0.019	0.0267	0.00762	0.019	0.00381	0.00762	0	0.00381	0.00762	0.00381	0	0.061	0.00762	0.0114	0.0267	0.0457	0.0419	0.0419	0.0457	0.0381	0.0495	0	0	0.0686	0.0152	0.0533	0.0305	0.0229	0	0.061	0.00381	0.2
SC-I-84	0.0838	0.13	0.0686	0.0305	0.0152	0.0267	0.0305	0.0305	0.019	0.08	0.00762	0	0.0114	0.00381	0.0114	0.0305	0.0305	0.0419	0.0305	0.0762	0.0343	0.0267	0.0114	0.061	0.0419	0.11	0.0419	0.0457	0.0571	0.0229	0.0267	0.263	0.103	0.263	0.255	0.171	0.0838	0.133	0.0343	0.2
Micromonosporales	0.0267	0.08	0.0838	0.061	0.0648	0.0571	0.0305	0.0114	0.00762	0.0991	0.019	0.0114	0.00381	0.00762	0.00762	0	0.00762	0	0	0.061	0.00381	0	0.019	0.0724	0.0533	0.103	0.0648	0.0533	0.0267	0.00762	0.00762	0.0495	0.0533	0.0724	0.0724	0.183	0.0343	0.019	0.00762	0.2
Enterobacteriales	1.49	0.446	0.45	0.389	0.389	0.328	0.564	0.465	0.278	0.278	0.229	0.152	0.0495	0.0457	0.061	0.0914	0.0343	0.0648	0.0305	0.328	0.0495	0.00381	0.0762	0.4	2.26	0.453	0.354	0.347	0.45	1.53	0.0152	0.0305	0	0.00762	0.0267	0.00381	0.617	0.00762	0.236	0.2
BD2-11_terrestrial_group	0.0381	0.0495	0.0648	0.0229	0.0229	0.0533	0.0305	0.00762	0.0152	0.0571	0.00762	0	0	0.00762	0	0.00381	0.00381	0	0.00762	0.103	0	0.00381	0.0152	0.0457	0.061	0.0381	0.0343	0.0267	0.0305	0	0.00381	0.0267	0.0114	0.0419	0.0457	0.0457	0.00381	0.00381	0.00381	0.2
Oceanospirillales	0.0952	0.0381	0.0343	0.0267	0.00762	0.019	0.0152	0.019	0.00381	0.0381	0	0.00381	0.00381	0	0.0114	0.00762	0.0114	0.0114	0	0.0343	0.00381	0.0114	0.0229	0.0267	0.0152	0.0229	0.0114	0.0114	0.019	0	0.00762	0.0267	0.0419	0.0114	0.00381	0.0305	0.0533	0.122	0.00381	0.2
Methylophilales	0.259	0.0952	0.0343	0.0229	0.0229	0.0419	0.0267	0.0229	0.00762	0.0838	0	0	0.00381	0.00762	0.00381	0.00762	0.00762	0	0	0.0648	0	0	0.00381	0.08	0.0495	0.08	0.0876	0.0419	0.0419	0.187	0.0152	0.0152	0	0.00381	0	0.0381	0.00381	0.0343	0.0114	0.2
Kineosporiales	0.0343	0.0876	0.0571	0.0495	0.061	0.133	0.0571	0.0648	0.0305	0.0952	0.0381	0.0419	0.019	0.0305	0.0343	0.0152	0.00381	0.00762	0.0114	0.0952	0.00762	0.0305	0.00762	0.0571	0.08	0.0838	0.11	0.0533	0.08	0.0114	0.019	0.0305	0.0152	0.0571	0.0648	0.00762	0.061	0.0343	0.0267	0.2
Chromatiales	0.747	0.381	0.168	0.118	0.0991	0.0991	0.0762	0.061	0.0152	0.122	0.0305	0.0648	0.0343	0	0	0.0343	0.0114	0	0.0457	0.286	0.183	0.00762	0.0343	0.183	0.126	0.179	0.152	0.0495	0.0991	0	0.0114	0	0	0	0	0	0.0381	0.0229	0.00381	0.2
Subgroup_10	0.0724	0.0533	0.0305	0.0457	0.0267	0.0152	0.0152	0.00381	0.00381	0.0305	0.00381	0	0	0	0	0.00381	0	0	0	0.0724	0.00381	0	0.00762	0.0419	0.0381	0.0305	0.0457	0.0114	0.019	0.00381	0.00381	0.0343	0	0.0114	0.0419	0.0229	0.0114	0.08	0.0229	0.1
Oligoflexales	0.0495	0.0267	0.0114	0.0343	0.0152	0.0114	0.0419	0.00381	0.0152	0.0267	0.00381	0.00381	0.00381	0.00381	0.00381	0.00381	0.0152	0.00762	0.0152	0.0419	0.00381	0.0229	0.00762	0.019	0.0229	0.0267	0.0114	0.019	0.0229	0	0.00762	0.0724	0.0762	0.0343	0.0419	0.0267	0.0114	0.126	0.00381	0.1
GR-WP33-30	0.0457	0.0381	0.00762	0.0114	0.0152	0.0114	0.0114	0.0114	0.00381	0.019	0.00381	0	0.00762	0.00381	0.00381	0	0.00381	0	0	0.0229	0	0	0	0.019	0.0114	0.0114	0.0114	0.019	0.019	0	0	0.0152	0.0571	0.0571	0.0229	0.0571	0.0152	0.0152	0.00381	0.1
Euzebyales	0.0267	0.0991	0.0381	0.019	0.0305	0.0267	0.0229	0.019	0.00381	0.0381	0.00381	0	0	0.00762	0.00762	0.00762	0.00381	0	0.00762	0.0457	0	0.00762	0.0114	0.0571	0.0495	0.0495	0.0419	0.0343	0.0305	0.00762	0.00762	0.00762	0.00381	0.019	0.00762	0.00381	0.00381	0.00762	0.00381	0.1
SubsectionI	0	0.316	0.103	0.114	0.0724	0.103	0.11	0.122	0.255	0.114	0.0381	0.0495	0.0381	0.0114	0.00762	0.0152	0.019	0.0305	0.0152	0.0952	0	0	0.019	0.13	0.156	0.0838	0.061	0.0991	0.0914	0.00762	0.0152	0.019	0	0.0152	0	0.00381	0.00381	0	0.0152	0.1
AKYG1722	0.0457	0.0343	0.0381	0.0381	0.0152	0.0343	0.0152	0.0267	0.0229	0.0495	0.0114	0.0152	0	0.0114	0.0114	0.0152	0.0152	0.0267	0.0152	0.0343	0.0381	0.0305	0.019	0.0457	0.0229	0.0381	0.0267	0.0114	0.0381	0.0267	0.019	0.0495	0.00381	0.0267	0.0267	0	0.0114	0.217	0.0305	0.1
Fibrobacterales	0.0419	0.0495	0	0.00762	0.00381	0	0.00381	0.00381	0	0.0229	0	0	0	0	0	0	0	0	0	0.019	0	0	0	0.0229	0.0114	0.0114	0.0152	0.0152	0.0229	0	0	0.00762	0.0343	0.0114	0.019	0.16	0	0.0495	0	0.1
Desulfurellales	0.0457	0.0152	0.00762	0.00762	0.0114	0	0.00381	0.00381	0.0114	0.0229	0.00381	0	0.00381	0.00381	0	0	0.00381	0	0	0.0267	0	0	0	0.00762	0.00381	0.0114	0.0114	0.0152	0.00381	0.00381	0	0.0457	0.164	0.103	0.0571	0.0533	0.0114	0.0114	0.00762	0.1
Desulfobacterales	0.0267	0.00381	0.0114	0.00381	0.00381	0.0152	0.00381	0	0	0.0114	0	0	0	0	0	0	0	0	0	0.0114	0	0	0	0.00762	0.0114	0.00762	0.0152	0.00762	0.00381	0	0	0.0457	0.0533	0.0381	0.0152	0.0419	0.00762	0.0114	0.00381	0.1
SubsectionIII	0.0305	0.0152	0	0.00762	0.0229	0.019	0.0343	0.0114	0.0305	0.0305	0.0114	0.0267	0	0.00381	0.0114	0	0	0	0	0.0267	0.0114	0	0	0.00762	0.0229	0.0114	0.0419	0.0114	0.0114	0	0	0.00381	0	0.00762	0	0	0	0.0152	0.149	0.1
Lactobacillales	0.0305	0.0114	0.0152	0.0229	0.0229	0.0305	0.019	0.00762	0.0152	0.00381	0.00381	0	0	0	0	0	0.00381	0	0	0.0229	0	0	0.0152	0	0.0267	0.0457	0.0419	0.0343	0.0495	0	0	0	0.00381	0.00381	0	0	0	0	0.747	0.1
Rickettsiales	0.0114	0.00762	0.00762	0.0114	0	0.00762	0.00381	0.00762	0	0.00762	0	0.00381	0	0	0	0	0	0	0	0.00762	0	0	0	0.00762	0.00381	0.00762	0.00381	0	0.00381	0	0	0.00762	0.0991	0.0229	0.0305	0.0533	0.00381	0.00381	0	0.1
Clostridiales	0.0114	0.00762	0.00762	0.00762	0.00762	0	0.00762	0.00381	0.00381	0.0114	0.0114	0.00762	0	0	0	0	0	0	0.00381	0	0.00381	0.00762	0.00762	0.00762	0.00762	0.00762	0.00381	0.00381	0	0	0	0.0267	0.0229	0.0381	0.0229	0.0305	0	0.0114	0.00381	0.1
Subgroup_17	0.0114	0.00381	0.00762	0.0152	0.00762	0.0267	0.0114	0	0.00762	0.00381	0	0	0	0	0	0	0.00381	0	0.00381	0.0114	0	0	0	0.00381	0.00381	0.0114	0.0114	0.00762	0.0114	0	0	0.00381	0.0229	0.0229	0.0152	0.0229	0.00381	0.00381	0.00381	0.1
S-70	0.00381	0	0	0	0.00381	0.00381	0.00381	0	0	0.00381	0	0	0	0	0	0	0	0	0	0	0	0	0	0	0.00381	0.00381	0	0	0	0	0	0.0114	0.00762	0.061	0.019	0.0152	0.0343	0.0495	0.00762	0.1
CCM11a	0.00762	0.00381	0.00381	0	0.00381	0.00381	0	0.00381	0	0	0	0	0	0	0	0	0	0.00381	0	0.00762	0	0.00381	0	0.00381	0	0	0.00762	0.00381	0.0114	0	0	0.0114	0.00762	0.00381	0.0343	0.0305	0	0.0419	0.00762	0.1
C0119	0.00762	0.0267	0	0.019	0.00762	0.00381	0.00381	0	0.00762	0.00762	0	0	0	0	0	0.00381	0.00381	0.00762	0.00381	0.00762	0.0114	0.00762	0.00381	0.00762	0.0114	0.019	0.0114	0.00381	0.0114	0.00381	0.00381	0.187	0.0152	0.19	0.141	0	0.0267	0.11	0.0114	0.1
Erysipelotrichales	0	0.00381	0	0	0	0	0	0	0	0	0	0	0	0	0	0	0	0	0	0	0	0	0	0.00381	0	0	0	0	0	0	0	0.061	0.061	0.0114	0.0152	0.0381	0.0571	0	0.00762	0.1
Armatimonadales	0.019	0	0	0	0	0.00381	0.00762	0	0	0	0	0	0	0	0	0.00381	0	0	0.00381	0.0114	0	0.00381	0	0.0114	0.00762	0.00381	0.0114	0.00381	0.00381	0	0.00381	0.0419	0.00381	0.00762	0.00381	0	0.0305	0.00762	0	0.0
Aeromonadales	0.00762	0	0	0.0114	0.00762	0.00762	0.00762	0	0.00381	0.00381	0	0.00762	0.00381	0	0	0	0	0	0	0.00762	0	0	0	0.00762	0	0.0114	0.00762	0.0114	0.00381	0	0	0	0	0	0	0	0	0	0	0.0
Vampirovibrionales	0	0	0	0	0	0	0	0	0	0	0	0	0	0	0	0	0	0	0.00381	0	0	0	0.00381	0	0	0	0	0	0.00381	0.0229	0.0229	0.00381	0.0114	0.019	0.00762	0.0457	0	0.00381	0	0.0
Campylobacterales	0	0.0114	0.00762	0.00381	0.00762	0.00381	0.00381	0.0114	0.0114	0.00381	0	0.0114	0	0	0	0	0	0	0	0.00381	0	0	0	0.00762	0.00381	0.0114	0.00381	0.00381	0.00762	0	0	0	0	0	0	0	0	0	0	0.0
Rhodocyclales	0.08	0.0533	0.0229	0.0305	0.0229	0.0267	0.00762	0.0114	0.00381	0.0305	0	0	0.00381	0.00762	0.0267	0.00381	0.0152	0.00762	0.00381	0.0305	0.00381	0.0114	0.00762	0.0229	0.0114	0.0419	0.0267	0.0114	0.0229	0	0	0	0	0.00381	0.00381	0	0.0419	0.019	0.00381	0.0
Thiotrichales	0.0381	0.00762	0.00381	0	0.0114	0	0.00762	0	0.00381	0.0152	0	0.00381	0	0	0.00381	0.00381	0	0.00381	0	0.00381	0	0.0114	0.00381	0.00762	0	0.00381	0.00381	0.00381	0.00762	0.019	0	0	0	0	0.00381	0.0229	0	0.00381	0.00381	0.0
Syntrophobacterales	0.0267	0.00762	0.00381	0	0.00762	0	0.00762	0.00381	0.00381	0.0114	0	0	0.00381	0.00762	0	0	0	0	0	0.00381	0.00381	0	0	0.00762	0.00381	0	0.00762	0.00381	0.00381	0	0.00381	0	0	0	0.00762	0.13	0	0	0	0.0
Xanthomonadaceae_bacterium_WWH73	0	0	0.00762	0	0.00381	0	0.00381	0	0	0.00381	0	0	0	0	0	0	0	0	0	0.00381	0	0	0	0.00762	0	0.00381	0	0.00381	0.00381	0	0	0	0	0	0	0	0	0	0	0.0
Subgroup_5	0.0114	0	0.00381	0	0.00381	0	0	0	0	0	0	0	0	0	0	0	0	0	0	0	0	0	0	0.00381	0	0	0.00762	0	0	0	0	0	0.019	0.0114	0.00381	0	0	0	0	0.0
B1-7BS	0.00381	0.00762	0.00381	0.0152	0	0.00381	0.00381	0.00381	0	0.0114	0.00381	0.00381	0	0.00381	0.00381	0.00762	0	0.00381	0	0.00762	0	0.0114	0.0381	0.019	0	0.0114	0.00762	0.00381	0.00381	0.00381	0	0.00381	0	0.00381	0	0	0	0.00762	0.00381	0.0
MVP-88	0	0.00381	0	0	0	0	0	0	0	0	0	0	0	0	0	0	0	0	0	0	0	0	0	0.00381	0	0	0.00381	0	0	0	0	0	0.00381	0.00381	0.0114	0.0152	0	0	0	0.0
Lineage_IIa	0.00762	0	0	0	0	0	0	0	0	0	0	0	0	0	0	0	0	0	0	0.00381	0	0	0	0	0	0.00381	0.00381	0.00381	0	0	0	0.00762	0.00381	0.00381	0.00381	0	0.0114	0.00381	0	0.0
Opitutae_vadinHA64	0	0.00381	0.00762	0.00381	0.00381	0.0152	0.0152	0.00762	0.00381	0.00762	0	0	0	0	0	0	0	0	0	0	0	0	0	0.00381	0.00381	0.0152	0.00762	0.00381	0.00381	0	0	0	0	0	0	0	0	0	0	0.0
Nitriliruptorales	0.00381	0.0229	0.00762	0.019	0.00762	0.00762	0.00762	0.00381	0	0.00762	0	0	0.00381	0	0	0.00381	0.00762	0.00381	0.00762	0.0152	0.00381	0.019	0	0.00762	0.0152	0.0114	0.0114	0.00381	0.0114	0	0.0152	0.00381	0.00381	0.00381	0.00762	0	0	0.019	0	0.0
Desulfuromonadales	0	0.00762	0.00381	0.00381	0	0	0.00381	0	0	0.00762	0	0	0	0	0	0	0	0	0	0.00381	0	0	0	0.00381	0.00762	0	0	0.00381	0.0152	0	0	0	0	0	0	0	0	0	0	0.0
Alteromonadales	0.00381	0.00762	0.00762	0	0	0.0229	0.00762	0.00381	0	0	0.00381	0.019	0.0114	0	0.00381	0	0	0	0	0	0	0	0	0	0	0.00381	0.00381	0.00381	0	0	0	0	0	0	0	0	0	0	0	0.0
Glycomycetales	0.0305	0.0495	0.0229	0.00762	0.0229	0.0229	0.0152	0.00762	0.00381	0.0114	0	0.00381	0.00381	0	0	0.00381	0	0	0	0.0457	0	0.00381	0	0.0229	0.0114	0.0229	0.019	0.00762	0.00381	0	0	0	0	0.0152	0.0267	0	0	0.00381	0	0.0
Chthonomonadales	0.00381	0	0	0	0.00381	0	0	0	0	0	0	0	0	0	0	0	0	0	0	0.00762	0	0	0	0.00762	0	0.00381	0	0	0	0	0	0.00381	0	0.0152	0	0.00762	0	0.00381	0	0.0
Parvularculales	0.00381	0.00762	0	0	0	0	0	0	0	0.00381	0	0	0	0	0	0	0.00381	0	0	0	0	0	0.00381	0.00381	0.00381	0.00762	0.00381	0.00381	0.00762	0	0	0.0343	0	0.0305	0.0305	0	0.0114	0.0838	0.0229	0.0
Spike	0.0952	1.02	0.507	0.594	0.495	0.461	0.827	1.26	3.33	1.04	0.32	0.271	0.69	0.865	0.937	0.632	0.648	0.979	0.602	0.507	0.339	0.667	0.93	0.853	0.629	0.556	0.686	0.419	0.571	0.316	0.217	0.183	0.499	0.739	0.739	1.75	0.0419	0.171	0.107	0.0
Sphaerobacterales	0.00381	0.0114	0.00381	0	0	0	0	0.00762	0	0.00762	0.00762	0	0	0	0	0	0	0	0	0.00762	0	0	0.00381	0.00381	0	0	0	0	0	0	0	0.00762	0.00762	0.00381	0	0	0	0.0152	0.00381	0.0
Subgroup_2	0	0.00381	0	0	0	0	0.00381	0	0	0.00762	0.00381	0	0	0	0	0	0	0.00381	0.00381	0.00381	0	0	0	0	0.00762	0	0	0	0	0	0	0	0	0.00381	0	0.00381	0	0	0.00381	0.0
Streptosporangiales	0.00762	0.00762	0.0114	0.019	0.00762	0	0.00762	0	0.0114	0.0152	0.00381	0	0	0	0	0.00381	0	0	0.00381	0.00762	0	0	0	0.00381	0.00762	0.00381	0.0114	0.00381	0.0114	0	0	0.00381	0	0	0.0229	0	0	0	0	0.0
Pla1_lineage	0	0	0.00381	0	0	0	0	0	0	0	0	0	0	0	0	0	0	0	0	0	0	0	0	0	0	0	0	0	0	0	0	0	0	0.019	0.00762	0.0305	0	0	0	0.0
PeM15	0	0.00762	0.00762	0.00381	0.00381	0	0.00381	0	0.00762	0.00762	0.00381	0	0	0	0	0	0	0	0	0.00381	0	0	0	0.00762	0	0.00381	0.00381	0.00381	0.00381	0	0	0	0	0	0	0	0	0	0	0.0
SAR11_clade	0	0.0343	0.0305	0.0152	0.019	0.0229	0.019	0.0229	0.00381	0.0114	0	0.00381	0	0	0	0	0	0	0	0.0114	0	0	0	0.0114	0.0229	0.0381	0.0114	0.00762	0.00762	0	0	0	0	0	0	0	0	0	0	0.0
Acidithiobacillales	0.0229	0.0114	0.00381	0.0114	0.0114	0	0.00381	0	0.00381	0.00762	0	0	0	0	0	0	0	0	0	0.0114	0	0	0	0.0114	0	0.00762	0.0114	0	0.0152	0	0	0	0	0	0	0	0	0	0	0.0
