Family	A.0	A.1	A.11	A.12	A.13	A.14	A.15	A.16	A.17	A.2	A.20	A.21	A.23	A.24	A.25	A.26	A.27	A.28	A.29	A.3	A.30	A.32	A.34	A.4	A.5	A.6	A.7	A.8	A.9	BS.2	CS.2	G.1	G.2	G.3	G.4	G.5	GR.01	LW.1	T.1	All
Unassigned	20.4	15.4	11.1	10.1	9.19	9.99	8.17	7.86	6.85	11.7	5.99	7.49	8.3	10.6	11.3	11.1	14.4	12.7	20.3	14.2	18.2	16.8	9.35	13.4	12	12.8	11.4	9.79	9.86	17.4	29.8	26.6	26.5	20.8	23.8	27.8	15.6	31.9	16	27.3
Planctomycetaceae	2.41	0.869	0.823	0.663	0.427	0.625	0.446	0.351	0.236	0.781	0.08	0.0838	0.13	0.137	0.0952	0.16	0.232	0.232	0.263	0.933	0.335	0.45	0.789	0.865	0.693	0.865	0.617	0.411	0.385	0.309	0.434	4.41	4.55	2.93	2.71	2.75	1.78	5.24	0.568	5.5
Chitinophagaceae	5.86	2.05	1.21	1.26	1.25	1.42	1.49	1.5	1.92	1.5	1.7	2.32	4.85	5.68	8.01	9.2	13.3	12.5	8.17	2.16	7.68	6.88	4.34	1.67	1.64	1.85	1.37	1.25	1.16	4.27	4.68	3.36	3.03	1.94	2.02	1.24	2.8	5.08	1.67	4.9
Cytophagaceae	8.85	3.94	4.13	3.86	3.55	3.5	5.26	3.98	6.87	3.19	8.18	9.2	13.4	12.7	11	11.2	8.77	11.4	6.21	3.39	10.1	7.99	7.37	2.89	2.75	3.44	3.05	3.2	2.86	2.85	5.65	2.94	3.54	1.73	1.58	2.69	4.93	2.6	2.53	4.2
Nocardioidaceae	2.26	4.76	3.33	3.35	3.34	3.4	2.23	2.72	3.79	3.52	3.23	2.29	3.01	4.4	4.12	3.51	3.41	3.58	4.7	4.26	4.48	4.25	3.59	3.53	3.39	3.63	4.32	3.11	2.77	2.86	2.91	5.65	4.62	5.03	4.86	1.33	11	5.06	2.13	2.8
Flavobacteriaceae	6.05	3.7	1.82	2.69	2.59	3.09	3.62	2.77	3.07	2	2.45	3	3.32	4.12	5.19	5.25	4.8	3.26	4.47	3.29	1.69	4.72	1.98	2.36	2.66	2.58	2.01	1.77	2.17	14.5	6.03	0.347	0.461	0.671	0.503	0.0952	1.62	0.427	2.78	2.6
Sphingomonadaceae	1.58	1.62	0.899	0.846	0.697	0.762	0.617	0.613	0.674	1.04	0.457	0.396	0.431	0.686	0.777	0.812	0.907	1.02	0.8	1.41	0.69	0.636	0.396	1.03	0.941	0.834	0.671	0.667	0.728	0.648	0.465	0.911	0.446	1.07	0.735	0.24	0.682	1.06	0.621	2.3
Pseudomonadaceae	3.57	9.44	17.5	17.2	20.1	17	19.1	23.2	16.1	28.2	22.8	27.2	17.7	17.6	17.4	15.4	14.5	15.4	18	19.5	14.6	16.4	19.8	20.3	20.7	17.9	18.4	23.4	22.6	12.8	11.2	7.66	11.4	13.2	13.4	22.9	14.3	9.59	4.45	2.2
Comamonadaceae	1.3	1.66	1.14	0.937	0.968	0.888	1.18	1.1	0.697	1.79	0.293	0.331	0.442	0.499	0.442	0.556	0.438	0.728	0.354	1.58	0.495	0.328	0.271	1.44	1.19	1.34	1.42	1.04	1.06	0.423	0.537	2.13	1.73	1.15	1.21	1.9	2.71	1.06	0.438	2.1
Sphingobacteriaceae	3.87	2.47	1.71	1.87	1.84	2.14	2.37	2.18	3.35	1.39	2.4	2.76	3.65	4.99	3.64	3.15	2.73	2.5	2.5	2.04	4.11	3.2	8.85	1.79	1.97	2.06	1.47	1.89	1.57	5.12	5.7	0.126	0.271	0.29	0.152	0.137	2.42	0.72	1.08	1.8
Marine_Group_II	1.68	1.02	0.591	0.324	0.358	0.396	0.339	0.187	0.0533	0.518	0.0114	0.00381	0.00381	0.019	0.0114	0.019	0.0114	0.00762	0.00381	1.12	0.0343	0.0419	0.232	1.15	0.773	0.853	0.571	0.213	0.297	0.019	0.0343	0.617	1.44	1.39	4.43	3.77	0.206	0.564	0.0343	1.5
Anaerolineaceae	0.945	0.328	0.175	0.183	0.103	0.107	0.13	0.0724	0.107	0.259	0.0305	0.019	0.0267	0.0457	0.0343	0.0267	0.0648	0.11	0.118	0.309	0.0952	0.229	0.118	0.183	0.164	0.305	0.213	0.126	0.13	0.0914	0.107	1.46	4.72	1.1	0.895	1.89	0.503	1.3	0.312	1.5
Xanthomonadaceae	1.13	1.94	1.29	1.06	1.01	1.04	1.28	1.51	1.08	1.1	1.07	0.796	2.03	3.02	3.74	4.24	3.24	3.48	3.65	1.47	2.54	3.02	2.22	1.45	1.15	1.08	1.07	0.884	0.933	3.8	2.05	0.137	0.343	0.301	0.179	0.507	0.328	0.271	0.267	1.4
Oxalobacteraceae	2.97	3.32	4.67	4.4	4.26	4.89	5.69	4.4	4	2.35	4.24	3.43	1.59	1.49	1.39	0.773	0.564	0.671	0.511	2.57	0.663	0.602	0.644	3.06	2.71	3.55	3.59	2.33	2.67	1.56	0.914	0.808	0.259	1.48	0.735	0.297	0.259	0.415	0.907	1.4
Unknown_Family	2.47	0.865	0.45	0.469	0.328	0.29	0.438	0.358	0.271	0.583	0.145	0.183	0.164	0.278	0.331	0.267	0.491	0.625	0.53	0.838	0.442	0.648	0.312	0.659	0.621	0.583	0.347	0.351	0.347	0.263	0.396	1.25	1.59	0.895	0.937	1.01	0.377	2.08	0.484	1.3
Hyphomicrobiaceae	1.24	1.02	0.937	0.892	0.728	0.895	0.724	0.747	0.922	0.8	0.716	0.545	2.06	3.76	4.07	4.08	3.37	3.16	4.17	1.13	4.39	4.48	3.57	0.857	0.815	0.937	0.831	0.701	0.789	2.91	3.44	1.31	1.56	1.15	0.937	0.594	1.47	1.33	0.701	1.3
Caulobacteraceae	0.61	0.583	0.461	0.45	0.457	0.488	0.526	0.48	0.682	0.431	0.758	0.606	3.04	4.4	5.41	5.41	4.96	4.2	4.54	0.457	3.51	6.13	4.4	0.48	0.45	0.389	0.377	0.343	0.442	3.56	4.36	0.274	0.301	0.446	0.244	0.377	0.975	0.248	0.274	1.2
Micrococcaceae	5.88	10.8	13.3	13.3	12.4	12.4	10.6	9.68	11.6	9.4	14.8	13.4	4.3	5.61	4.82	3.58	2.38	3.38	2.49	10.5	3.41	3.22	6.47	12	10.9	11.7	12.3	12.3	12.6	7.54	5.44	14.8	8.39	15.7	15.9	9.89	21.1	5.9	15.4	1.2
Gemmatimonadaceae	0.465	0.476	0.309	0.229	0.21	0.244	0.213	0.187	0.11	0.45	0.0457	0.122	0.08	0.0838	0.08	0.0838	0.11	0.133	0.0914	0.415	0.183	0.213	0.11	0.446	0.267	0.32	0.316	0.217	0.19	0.0533	0.103	0.229	0.922	0.446	0.434	0.476	0.0762	0.37	0.0762	1.2
Rhodobacteraceae	0.735	1.94	2.21	2.23	2.14	2.26	2.22	2.13	2.85	1.61	4.14	3	1.55	2.29	1.7	1.48	1.07	1.18	1.38	1.96	1.96	1.65	2.64	1.85	1.65	1.73	1.57	1.94	1.78	1.47	0.991	1.4	0.133	2.6	1.89	0.145	0.331	0.373	2.82	1.2
Microbacteriaceae	1.02	3.1	2.82	2.74	2.8	3	2.13	2.22	2.2	2.21	2.55	2.21	1.47	2.05	1.79	1.81	1.17	1.38	1.33	2.68	1.97	1.51	2.52	2.56	2.34	2.69	2.81	2.35	2.46	1.98	1.5	1.25	1.03	2.24	1.95	0.526	2.88	1.13	1.81	1.1
Nitrosomonadaceae	0.476	0.522	0.29	0.21	0.168	0.179	0.126	0.0991	0.0648	0.347	0.0229	0.019	0.0152	0.0229	0.0267	0.0114	0.0229	0.0267	0.0381	0.431	0.0305	0.0571	0.259	0.335	0.312	0.297	0.324	0.179	0.206	0.0495	0.0495	1.13	1.69	0.663	0.606	1.25	0.198	2.36	0.133	0.9
Verrucomicrobiaceae	1.67	0.575	0.282	0.179	0.198	0.24	0.267	0.24	0.232	0.29	0.107	0.16	1.47	2.7	3.41	4.66	4.3	3.79	3.35	0.533	2.32	1.42	0.865	0.484	0.392	0.438	0.202	0.194	0.179	2.65	2.17	0.236	0.431	0.217	0.168	0.491	0.964	0.545	0.0991	0.9
Solimonadaceae	0.64	0.431	0.297	0.202	0.19	0.236	0.126	0.0876	0.019	0.19	0.0152	0	0	0	0	0.0152	0.00762	0.0114	0.00762	0.4	0.0114	0.0343	0.00762	0.347	0.282	0.343	0.339	0.13	0.171	0.00381	0	0.461	0.96	0.941	0.998	2.4	0.19	0.339	0.0419	0.9
Paenibacillaceae	0.335	0.339	0.286	0.236	0.19	0.21	0.251	0.339	0.179	0.229	0.202	0.419	0.762	1.34	0.419	0.278	0.324	0.377	0.4	0.213	0.141	0.408	0.354	0.217	0.579	0.286	0.271	0.232	0.274	0.0762	0.0762	0.0952	0.103	0.133	0.141	0.339	0.0533	0.171	0.141	0.9
Caldilineaceae	0.427	0.126	0.0838	0.107	0.0686	0.0724	0.0571	0.0724	0.0686	0.156	0.0343	0.019	0.0229	0.0457	0.0533	0.0648	0.0305	0.0762	0.08	0.103	0.0457	0.141	0.168	0.141	0.107	0.145	0.107	0.0495	0.0571	0.0533	0.13	1.12	1.16	0.606	0.511	0.389	0.419	1.02	0.271	0.8
Bdellovibrionaceae	0.24	0.08	0.0419	0.019	0.0419	0.0305	0.0267	0.019	0.0343	0.0648	0.0152	0.0267	0.0533	0.145	0.206	0.472	1.15	0.796	0.785	0.0724	0.655	0.789	0.37	0.0686	0.0762	0.0648	0.0229	0.0267	0.0495	0.274	0.312	0.103	0.133	0.118	0.0952	0.236	0.0991	0.202	0.0419	0.7
Phyllobacteriaceae	0.133	0.232	0.225	0.107	0.122	0.137	0.114	0.103	0.0952	0.152	0.107	0.08	0.122	0.168	0.217	0.305	0.331	0.331	0.472	0.21	0.392	0.48	0.442	0.206	0.168	0.19	0.152	0.118	0.168	0.236	0.301	0.168	0.255	0.198	0.126	0.152	0.21	0.187	0.061	0.6
Erythrobacteraceae	0.366	0.499	0.392	0.328	0.286	0.305	0.301	0.271	0.415	0.309	0.381	0.305	0.461	0.857	0.872	0.861	0.64	0.85	0.549	0.541	0.568	0.545	0.312	0.347	0.255	0.267	0.286	0.232	0.286	0.465	0.389	0.187	0.175	0.32	0.141	0.145	0.168	0.133	0.168	0.6
Rhizobiaceae	0.575	0.423	0.354	0.396	0.316	0.347	0.377	0.309	0.404	0.301	0.259	0.232	0.594	0.724	0.579	0.899	0.674	0.827	0.987	0.408	0.808	0.872	0.617	0.32	0.324	0.4	0.32	0.21	0.328	0.979	0.842	0.762	0.861	0.514	0.305	0.217	2.79	0.511	0.225	0.6
Opitutaceae	0.431	0.11	0.0648	0.0381	0.0533	0.019	0.061	0.0648	0.0381	0.0686	0.00762	0.0114	0.00381	0.019	0.019	0.0152	0.0762	0.118	0.0571	0.137	0.0914	0.396	0.32	0.13	0.11	0.118	0.0571	0.0343	0.0533	0.0914	0.118	0.271	0.495	0.206	0.19	0.171	0.37	0.309	0.0495	0.6
Cryomorphaceae	1.1	0.411	0.194	0.16	0.152	0.16	0.0952	0.0838	0.0343	0.255	0.0152	0.00762	0.0267	0.00762	0.0152	0.0114	0.00762	0.0114	0.00381	0.381	0.019	0.0114	0.019	0.278	0.24	0.232	0.232	0.126	0.141	0.00381	0	0.0457	0.141	0.0495	0.0495	0.0457	0.354	0.0457	0.00381	0.6
Saprospiraceae	0.312	0.179	0.118	0.126	0.103	0.0914	0.149	0.0762	0.0648	0.21	0.0305	0.0343	0.019	0.0305	0.0229	0.0267	0.0267	0.0686	0.0381	0.164	0.0419	0.0838	0.061	0.171	0.118	0.122	0.08	0.13	0.11	0.0114	0.0724	0.267	0.503	0.11	0.107	0.107	0.0991	0.594	0.0952	0.6
480-2	0.202	0.267	0.16	0.13	0.08	0.103	0.061	0.0457	0.0495	0.19	0.0381	0.019	0.00381	0.019	0.019	0.019	0.00762	0.0152	0.019	0.221	0	0.0152	0.0229	0.164	0.141	0.137	0.194	0.103	0.0838	0.0229	0.0152	1.14	0.926	0.895	0.956	0.175	0.564	0.751	0.0648	0.6
Bacillaceae	0.434	0.446	0.484	0.568	0.381	0.469	0.469	0.389	0.324	0.377	0.309	0.312	0.0229	0.0267	0.0381	0.00381	0.0381	0.0152	0.0229	0.45	0.0267	0.0229	0.0267	0.457	0.316	0.431	0.541	0.45	0.381	0.019	0.0343	2.05	1.84	2.47	2.93	1.27	0.13	0.392	0.591	0.5
Bacteriovoracaceae	0.408	0.156	0.0838	0.0533	0.0724	0.0571	0.0724	0.0305	0.0381	0.118	0.11	0.354	0.716	0.724	0.732	0.324	0.461	0.282	0.354	0.149	0.549	0.709	0.286	0.0952	0.0838	0.122	0.0724	0.0686	0.0762	0.549	0.652	0.0381	0.019	0.0267	0.00762	0.0114	0.0343	0.0457	0.00381	0.5
env.OPS_17	0.503	0.16	0.061	0.0495	0.0457	0.0686	0.061	0.0267	0.0381	0.107	0.00762	0	0.00762	0.00762	0.00762	0.0114	0	0.00381	0.00762	0.145	0.00762	0.0229	0.019	0.11	0.118	0.0762	0.0686	0.0457	0.0495	0.00381	0.00381	0.137	0.229	0.11	0.0762	0.107	0.11	0.202	0.0114	0.5
Rhodothermaceae	0.0762	0.08	0.0914	0.0267	0.0457	0.061	0.0381	0.0495	0.0457	0.0838	0.0267	0.0419	0.0381	0.0305	0.0533	0.114	0.0991	0.0991	0.0914	0.0876	0.171	0.179	0.0686	0.0686	0.0762	0.0991	0.0457	0.08	0.0457	0.118	0.107	0.0419	0.0267	0.0686	0.0533	0.00762	0.0114	0.0991	0.0267	0.5
Rhodospirillaceae	0.145	0.229	0.145	0.114	0.0952	0.0991	0.107	0.0914	0.061	0.114	0.0381	0.0419	0.00762	0.00762	0.0114	0.019	0.0152	0.0305	0.0305	0.164	0.019	0.11	0.11	0.137	0.0914	0.145	0.149	0.0838	0.0648	0.061	0.126	0.21	0.183	0.236	0.141	0.118	0.164	0.183	0.11	0.4
Moraxellaceae	1.56	4.3	7.32	10.1	11.4	11	13.1	13.6	14.1	3.33	9.7	8.45	19.3	1.77	1.1	1.09	1.15	1.26	0.484	2.34	0.446	0.392	0.77	2.58	4.22	3.98	4.99	9.01	8.59	1.33	0.392	0.358	0.0343	0.819	0.511	0.0457	0.0495	2.43	8.81	0.4
AKIW781	0.229	0.0991	0.0991	0.0952	0.061	0.103	0.0571	0.0457	0.0457	0.114	0.0495	0.0114	0.0267	0.0648	0.061	0.0533	0.0686	0.08	0.0914	0.103	0.141	0.145	0.061	0.0991	0.0876	0.0991	0.107	0.122	0.0419	0.0419	0.107	0.309	0.164	0.19	0.343	0.122	0.198	0.442	0.126	0.4
Acidimicrobiaceae	0.103	0.149	0.0991	0.103	0.0495	0.0762	0.061	0.0648	0.0343	0.0648	0.019	0.0114	0.00381	0.0229	0.0305	0.019	0.0267	0.0152	0.019	0.122	0.0152	0.019	0.0343	0.08	0.0991	0.0876	0.103	0.0533	0.0305	0.00762	0.019	0.122	0.217	0.221	0.198	0.0991	0.0686	0.202	0.0495	0.4
Rhodospirillales_Incertae_Sedis	0.141	0.133	0.08	0.0457	0.0724	0.0457	0.0686	0.0571	0.0229	0.0838	0.00762	0.00762	0.0114	0.0114	0.019	0.0305	0.019	0.019	0.0229	0.13	0.0152	0.0267	0.019	0.126	0.0686	0.107	0.103	0.0533	0.0838	0.0152	0.0267	0.244	0.53	0.248	0.198	0.21	0.141	0.133	0.0267	0.4
Methylobacteriaceae	0.362	0.526	0.48	0.415	0.484	0.381	0.491	0.552	0.366	0.423	0.271	0.217	0.16	0.202	0.183	0.213	0.164	0.149	0.21	0.53	0.232	0.168	0.236	0.518	0.389	0.545	0.423	0.392	0.404	0.251	0.217	0.305	0.48	0.339	0.366	0.278	0.11	0.37	0.465	0.4
Chthoniobacteraceae	0.354	0.0914	0.0533	0.0305	0.0381	0.0381	0.0419	0.0419	0.0229	0.08	0.0229	0.00762	0.0229	0.0457	0.0419	0.0876	0.118	0.137	0.168	0.08	0.206	0.145	0.08	0.0952	0.0419	0.0762	0.061	0.0229	0.0381	0.0419	0.0381	0.0762	0.175	0.11	0.0724	0.347	0.0838	0.141	0.0152	0.4
Geodermatophilaceae	0.0876	0.446	0.331	0.248	0.267	0.328	0.164	0.149	0.122	0.354	0.0762	0.061	0.0152	0.0267	0.0152	0.0267	0.0114	0.0152	0.019	0.411	0.0305	0.0343	0.0419	0.339	0.366	0.297	0.301	0.271	0.255	0.019	0.0114	0.175	0.00381	0.225	0.198	0.061	0.0114	0.107	0.0952	0.4
Burkholderiaceae	0.0419	0.255	0.183	0.202	0.16	0.259	0.217	0.194	0.164	0.312	0.0686	0.061	0.0914	0.217	0.107	0.13	0.0914	0.175	0.164	0.263	0.145	0.217	0.175	0.187	0.19	0.229	0.171	0.248	0.202	0.141	0.0724	0.0495	0.0762	0.16	0.152	0.21	0.0419	0.107	0.0381	0.4
Haliangiaceae	0.0724	0.0876	0.0381	0.0152	0.0267	0.0457	0.0267	0.0229	0.00381	0.0419	0.00381	0.00381	0.00381	0	0.00381	0	0.00381	0	0	0.0838	0	0	0.019	0.0648	0.0762	0.0571	0.0571	0.0114	0.0343	0	0.0114	0.118	0.45	0.16	0.149	0.282	0.0343	0.0686	0.0152	0.4
Iamiaceae	0.19	0.259	0.118	0.0724	0.0648	0.0876	0.0724	0.0686	0.0267	0.179	0.0267	0.00762	0.0152	0.019	0.0267	0.019	0.0305	0.0267	0.0305	0.198	0.0152	0.0457	0.0457	0.156	0.168	0.126	0.168	0.0762	0.0724	0.019	0.0229	0.187	0.29	0.194	0.213	0.217	0.19	0.568	0.061	0.4
Xanthobacteraceae	0.13	0.164	0.0762	0.0419	0.061	0.0686	0.0533	0.0457	0.019	0.107	0.0114	0.0152	0.00762	0.00381	0.00762	0.0114	0.0267	0.0267	0.0114	0.0876	0.019	0.0229	0.019	0.114	0.061	0.0876	0.0762	0.0343	0.0533	0.019	0.0114	0.457	0.411	0.187	0.21	0.248	0.366	0.598	0.0571	0.4
Phycisphaeraceae	0.0914	0.061	0.0648	0.0267	0.0152	0.0267	0.0152	0.00762	0.0229	0.0267	0.00381	0.00381	0	0	0.00762	0.00762	0.00381	0.00762	0.00762	0.0457	0	0	0	0.0267	0.0114	0.0381	0.0381	0.00762	0.0305	0	0.00762	0.221	0.381	0.179	0.16	0.221	0.061	0.267	0.0457	0.4
Rhizobiales_Incertae_Sedis	0.149	0.141	0.0648	0.0686	0.0457	0.0648	0.0648	0.0648	0.0571	0.103	0.0648	0.0914	0.0724	0.122	0.179	0.21	0.156	0.343	0.274	0.0762	0.286	0.293	0.37	0.107	0.0876	0.0991	0.0838	0.0533	0.0571	0.187	0.267	0.328	0.45	0.198	0.168	0.274	0.202	0.316	0.08	0.3
Planococcaceae	4.29	7.34	8.91	10.1	10.1	9.63	8.09	8.61	8	9.09	8.26	5.99	0.385	0.758	0.644	0.503	0.408	0.587	0.533	7.05	0.777	0.705	1.4	9.95	11.6	10.9	13.1	12.9	12.8	2.21	2.41	3.76	0.0571	2.81	1.46	0.061	0.0343	1.68	22.6	0.3
Solirubrobacteraceae	0.0571	0.118	0.107	0.0533	0.0724	0.0724	0.0648	0.0381	0.0267	0.0876	0.019	0.019	0.0114	0.0114	0.00762	0.0114	0.00381	0.00762	0.0114	0.13	0.0114	0.0152	0.0267	0.0914	0.0838	0.107	0.0533	0.0724	0.0762	0	0.00381	0.354	0.0991	0.511	0.347	0.103	0.202	0.183	0.0533	0.3
Xanthomonadales_Incertae_Sedis	0.0991	0.0533	0.061	0.0267	0.0533	0.0495	0.0343	0.019	0.0114	0.0571	0.00762	0.0267	0	0.0152	0.00762	0.00762	0.019	0.0152	0.00381	0.103	0	0	0	0.0571	0.0381	0.0533	0.0876	0.0114	0.0343	0.00762	0.0152	0.0914	0.107	0.13	0.0686	0.0381	0.37	0.061	0.0152	0.3
Intrasporangiaceae	0.251	0.575	0.579	0.415	0.488	0.461	0.366	0.427	0.415	0.419	0.362	0.229	0.225	0.381	0.324	0.331	0.175	0.297	0.312	0.411	0.274	0.278	0.453	0.389	0.423	0.408	0.514	0.37	0.408	0.168	0.21	0.716	0.278	1.34	1.1	0.0724	0.8	0.309	0.366	0.3
Nitrospiraceae	0.164	0.103	0.0914	0.0267	0.0571	0.0419	0.0267	0.0419	0.0229	0.122	0	0.0114	0.00381	0.00381	0.0114	0.00381	0.0152	0	0	0.0952	0.0152	0	0.00762	0.118	0.0876	0.0533	0.0457	0.0381	0.0533	0.00762	0.0152	0.499	0.792	0.377	0.301	0.385	0.11	1.08	0.0419	0.3
Parachlamydiaceae	0.171	0.0381	0.0152	0.0381	0.00762	0.0267	0.0152	0.00762	0.0152	0.0305	0.00381	0.00381	0.00381	0.0152	0.00381	0	0	0.00762	0	0.0495	0.00762	0	0	0.0343	0.0381	0.0533	0.0305	0.0381	0.0267	0.00762	0	0.316	0.259	0.0495	0.141	0.0648	0.0381	0.659	0.0838	0.3
Acetobacteraceae	0.0305	0.133	0.0686	0.0457	0.0419	0.0648	0.061	0.11	0.0343	0.103	0.0533	0.0419	0.0457	0.118	0.0876	0.0686	0.0305	0.0267	0.0343	0.122	0.0381	0.0495	0.0762	0.0648	0.0533	0.0686	0.061	0.061	0.0419	0.0762	0.0114	0.0229	0.00762	0.0686	0.0648	0.0152	0.061	0.0114	0.061	0.3
Sporichthyaceae	0.126	0.263	0.221	0.187	0.141	0.179	0.251	0.126	0.0724	0.29	0.0533	0.0381	0	0	0.0114	0.00762	0.00381	0.0114	0.00381	0.331	0.00381	0.00762	0.0114	0.282	0.232	0.286	0.229	0.152	0.149	0.00381	0.00381	0.0381	0.0571	0.08	0.0762	0.0305	0.0724	0.137	0.0152	0.3
Herpetosiphonaceae	0.107	0.0876	0.0457	0.0419	0.0229	0.0419	0.0343	0.0114	0.00381	0.0381	0.019	0.0343	0.00762	0.0152	0.019	0.019	0.0381	0.0571	0.118	0.0343	0.0876	0.404	0.118	0.0571	0.0419	0.0495	0.0533	0.0305	0.0343	0.0571	0.0571	0.0495	0.061	0.0571	0.0876	0	0.0152	0.0914	0.0343	0.3
Cellvibrionaceae	0.701	0.499	0.366	0.19	0.251	0.171	0.206	0.183	0.103	0.278	0.316	0.819	0.701	1.15	1.57	3.8	5.38	4.15	2.62	0.297	5.73	2.69	4.63	0.335	0.267	0.293	0.282	0.141	0.324	1.25	1.29	0.0267	0.0381	0.019	0.0267	0.0381	0.0343	0.0114	0.0343	0.3
Mycobacteriaceae	0.0952	0.114	0.133	0.152	0.0914	0.08	0.0419	0.061	0.0762	0.118	0.061	0.0152	0.0229	0.0457	0.061	0.0762	0.0495	0.0533	0.0381	0.0952	0.0343	0.061	0.0724	0.0876	0.0991	0.156	0.137	0.0724	0.0686	0.0495	0.0495	0.0495	0.0152	0.0457	0.061	0.0381	0.0838	0.232	0.0419	0.3
Bradyrhizobiaceae	0.122	0.282	0.164	0.156	0.145	0.0876	0.11	0.0762	0.0838	0.202	0.0343	0.0343	0.0305	0.0648	0.0648	0.118	0.126	0.133	0.179	0.229	0.164	0.118	0.11	0.217	0.133	0.194	0.171	0.118	0.156	0.13	0.168	0.312	0.533	0.389	0.45	0.343	0.37	0.503	0.107	0.3
OPB56	0.221	0.0533	0.0267	0.0381	0.0114	0.019	0.0305	0.00762	0.0114	0.0267	0.00381	0.0229	0	0.0152	0.0114	0.019	0.0419	0.0457	0.0381	0.0495	0.103	0.114	0.0533	0.019	0.0152	0.0419	0.0343	0.0267	0.019	0.0381	0.0571	0.0305	0.64	0.24	0.137	1.4	0.0152	0.171	0.0343	0.3
Propionibacteriaceae	0.0343	0.0838	0.11	0.0876	0.0571	0.0724	0.061	0.0533	0.0343	0.11	0.0419	0.0152	0.00762	0.00762	0.0229	0.0114	0.00762	0.0114	0.00381	0.0724	0.0267	0.0114	0.00762	0.061	0.0876	0.0724	0.149	0.0838	0.0724	0.00762	0.00381	0.08	0.149	0.293	0.293	0.0571	0.103	0.11	0.0762	0.3
Alcaligenaceae	0.0952	0.175	0.08	0.061	0.0571	0.107	0.107	0.0495	0.0991	0.0991	0.0952	0.0991	0.202	0.69	0.644	0.594	0.815	0.575	0.644	0.0952	1.7	2.15	3.14	0.0838	0.0914	0.0533	0.0838	0.061	0.0838	0.709	0.926	0.019	0.00762	0.0114	0.0267	0	0	0.0267	0.0457	0.3
Pseudonocardiaceae	0.0495	0.114	0.0952	0.0876	0.0686	0.0533	0.0686	0.0571	0.0229	0.114	0.019	0.0343	0.00381	0.00381	0	0.0114	0.00381	0.00762	0.0267	0.13	0.0152	0.00381	0.00762	0.0648	0.0914	0.0762	0.061	0.061	0.0724	0.00762	0.00762	0.118	0.0457	0.08	0.118	0.0343	0.0267	0.133	0.019	0.2
Nocardiaceae	0.221	0.187	0.221	0.187	0.297	0.19	0.168	0.187	0.316	0.168	0.229	0.168	1.16	0.777	0.705	0.617	0.549	0.571	0.571	0.171	0.655	0.591	1.47	0.194	0.221	0.229	0.259	0.213	0.175	0.442	0.491	0.0533	0.00381	0.0381	0.0686	0.00381	0.0305	0.0724	0.225	0.2
Gaiellaceae	0.0495	0.183	0.0762	0.0648	0.0533	0.0533	0.0229	0.0343	0.0152	0.0991	0.00381	0.0152	0.00381	0	0.0152	0	0	0	0.0114	0.156	0.00381	0.00381	0.00381	0.0914	0.103	0.0762	0.114	0.0648	0.0876	0	0	0.0533	0.0686	0.118	0.0914	0.0533	0.00381	0.0457	0.0152	0.2
JG34-KF-361	0.0419	0.0457	0.0495	0.0419	0.0114	0.0152	0.019	0.0152	0.019	0.0381	0	0.00762	0.00762	0.0152	0	0	0.00762	0	0.0114	0.0495	0.0114	0.0152	0.019	0.0152	0.0152	0.00762	0.0267	0.0229	0.0267	0.0114	0.0152	0.171	0.0495	0.206	0.179	0.00762	0.118	0.168	0.0267	0.2
Streptomycetaceae	0.152	0.453	0.309	0.221	0.229	0.213	0.198	0.164	0.141	0.305	0.114	0.0495	0.0114	0.0114	0.00381	0.0229	0.00381	0.0229	0.0229	0.309	0.019	0.0229	0.0267	0.335	0.251	0.301	0.312	0.251	0.263	0.0114	0.0114	0.465	0.796	0.415	0.556	0.0991	0.141	0.164	0.0495	0.2
Polyangiaceae	0.0381	0.0267	0.0571	0.0267	0.0419	0.0419	0.019	0.0152	0	0.0381	0.0114	0.00762	0.00381	0.00762	0.00381	0	0.00762	0.00381	0	0.0648	0.00762	0	0.0152	0.0229	0.0305	0.0381	0.0495	0.0457	0.019	0.00381	0	0.019	0.168	0.137	0.0648	0.37	0.019	0.0457	0.0343	0.2
Micromonosporaceae	0.0267	0.08	0.0838	0.061	0.0648	0.0571	0.0305	0.0114	0.00762	0.0991	0.019	0.0114	0.00381	0.00762	0.00762	0	0.00762	0	0	0.061	0.00381	0	0.019	0.0724	0.0533	0.103	0.0648	0.0533	0.0267	0.00762	0.00762	0.0495	0.0533	0.0724	0.0724	0.183	0.0343	0.019	0.00762	0.2
FamilyI	0.0305	0.331	0.103	0.122	0.0952	0.122	0.145	0.133	0.286	0.145	0.0495	0.0762	0.0381	0.0152	0.019	0.0152	0.019	0.0305	0.0152	0.122	0.0114	0	0.019	0.137	0.179	0.0952	0.103	0.11	0.103	0.00762	0.0152	0.0229	0	0.0229	0	0.00381	0.00381	0.0152	0.164	0.2
Cellulomonadaceae	0.103	0.556	0.686	0.518	0.465	0.583	0.488	0.484	0.267	0.511	0.232	0.232	0.175	0.206	0.244	0.198	0.0762	0.133	0.103	0.545	0.126	0.16	0.29	0.518	0.472	0.644	0.697	0.48	0.491	0.114	0.0419	0.171	0.0305	0.427	0.293	0.0267	0.0267	0.08	0.263	0.2
Deinococcaceae	0.00381	0.0305	0.0457	0.0495	0.0229	0.0419	0.0267	0.0533	0.0991	0.0152	0.0533	0.0381	0.0114	0.0152	0.0267	0.0114	0.0152	0.0229	0.0229	0.0305	0.0152	0.0305	0.0152	0.0305	0.0114	0.061	0.019	0.0495	0.0381	0.0229	0.0762	0.0114	0	0.0229	0.00762	0.00381	0	0.00762	0.00381	0.2
Enterobacteriaceae	1.49	0.446	0.45	0.389	0.389	0.328	0.564	0.465	0.278	0.278	0.229	0.152	0.0495	0.0457	0.061	0.0914	0.0343	0.0648	0.0305	0.328	0.0495	0.00381	0.0762	0.4	2.26	0.453	0.354	0.347	0.45	1.53	0.0152	0.0305	0	0.00762	0.0267	0.00381	0.617	0.00762	0.236	0.2
Chromatiaceae	0.747	0.381	0.168	0.118	0.0991	0.0991	0.0762	0.061	0.0152	0.122	0.0305	0.0648	0.0343	0	0	0.0343	0.0114	0	0.0457	0.286	0.183	0.00762	0.0343	0.183	0.126	0.179	0.152	0.0495	0.0991	0	0.0114	0	0	0	0	0	0.0381	0.0229	0.00381	0.2
Legionellaceae	0.0114	0.0114	0	0.00381	0.00762	0	0	0	0	0.00762	0.00762	0	0	0	0	0	0	0	0	0	0	0	0	0	0.00381	0	0	0.00381	0.00762	0.00381	0	0.08	0.175	0.0952	0.0495	0.145	0.0305	0.0838	0.00762	0.2
Kineosporiaceae	0.0343	0.0876	0.0571	0.0495	0.061	0.133	0.0571	0.0648	0.0305	0.0952	0.0381	0.0419	0.019	0.0305	0.0343	0.0152	0.00381	0.00762	0.0114	0.0952	0.00762	0.0305	0.00762	0.0571	0.08	0.0838	0.11	0.0533	0.08	0.0114	0.019	0.0305	0.0152	0.0571	0.0648	0.00762	0.061	0.0343	0.0267	0.2
Cyclobacteriaceae	0.183	0.122	0.0686	0.0762	0.0533	0.0571	0.0571	0.0724	0.0343	0.0762	0.0381	0.0724	0.118	0.137	0.126	0.0762	0.0686	0.0762	0.0381	0.16	0.0571	0.0419	0.278	0.0648	0.0724	0.114	0.0495	0.0686	0.0533	0.061	0.061	0.00381	0	0	0	0	0	0.0267	0.0457	0.2
Methylophilaceae	0.259	0.0952	0.0343	0.0229	0.0229	0.0419	0.0267	0.0229	0.00762	0.0838	0	0	0.00381	0.00762	0.00381	0.00762	0.00762	0	0	0.0648	0	0	0.00381	0.08	0.0495	0.08	0.0876	0.0419	0.0419	0.187	0.0152	0.0152	0	0.00381	0	0.0381	0.00381	0.0343	0.0114	0.2
Nakamurellaceae	0.019	0.0381	0.0114	0.0229	0.0305	0.0267	0.0305	0.019	0.00762	0.0343	0.0114	0.0114	0.00381	0.0114	0.0267	0.0152	0.00381	0.00762	0.0152	0.0343	0.0267	0.00381	0.0114	0.0267	0.019	0.0419	0.0229	0.0305	0.0381	0.00381	0.00762	0.0571	0.0991	0.171	0.118	0.0762	0.0381	0.0571	0.0419	0.1
0319-6M6	0.0762	0.19	0.11	0.0533	0.0343	0.0762	0.0381	0.0381	0.0152	0.11	0.00381	0.00762	0	0	0.00762	0	0.00762	0	0	0.122	0	0.00381	0.00762	0.107	0.0876	0.0648	0.114	0.061	0.08	0	0.00381	0.263	0.29	0.229	0.263	0.324	0.0419	0.114	0.0305	0.1
Hyphomonadaceae	0.0648	0.0267	0.0343	0.019	0.0343	0.0381	0.019	0.019	0.0114	0.0533	0.00762	0.00381	0.00381	0.0114	0.0114	0.0267	0.00762	0.0419	0.0114	0.0533	0.0114	0.0114	0.00762	0.019	0.00381	0.0305	0.0267	0.019	0.0343	0.00762	0.00381	0.0648	0.0419	0.0495	0.0495	0.0229	0.0914	0.11	0.00762	0.1
Oceanospirillaceae	0.0876	0.0343	0.0343	0.0229	0.00381	0.0152	0.0114	0.0152	0.00381	0.0381	0	0.00381	0.00381	0	0.00762	0.00762	0.0114	0.0114	0	0.0305	0.00381	0.0114	0.0229	0.0267	0.0152	0.0229	0.0114	0.0114	0.0114	0	0.00762	0.0267	0.0419	0.0114	0.00381	0.0305	0.0533	0.11	0.00381	0.1
Nannocystaceae	0.019	0.019	0.0229	0.019	0.00762	0.019	0.00762	0.0267	0.0114	0.0457	0	0	0	0	0	0	0.00762	0.00381	0	0.019	0.00762	0.0114	0	0.019	0.0343	0.0152	0.0229	0.0114	0.00762	0.00762	0.0152	0.00762	0.0114	0.0838	0.0686	0.00381	0.00381	0.0305	0.00381	0.1
Euzebyaceae	0.0267	0.0991	0.0381	0.019	0.0305	0.0267	0.0229	0.019	0.00381	0.0381	0.00381	0	0	0.00762	0.00762	0.00762	0.00381	0	0.00762	0.0457	0	0.00762	0.0114	0.0571	0.0495	0.0495	0.0419	0.0343	0.0305	0.00762	0.00762	0.00762	0.00381	0.019	0.00762	0.00381	0.00381	0.00762	0.00381	0.1
ABS-19	0.0724	0.0533	0.0305	0.0457	0.0267	0.0152	0.0152	0.00381	0.00381	0.0267	0.00381	0	0	0	0	0.00381	0	0	0	0.0686	0.00381	0	0.00762	0.0419	0.0381	0.0305	0.0457	0.0114	0.019	0.00381	0.00381	0.0343	0	0.0114	0.0381	0.00762	0.0114	0.08	0.0229	0.1
Coxiellaceae	0.019	0.0114	0.00381	0	0	0.00381	0.00381	0	0.00381	0.00762	0	0	0	0	0	0	0.00381	0.00381	0.00381	0.00381	0	0	0	0.00381	0	0.00381	0	0.00762	0	0	0	0.11	0.137	0.0914	0.0305	0.141	0.0229	0.0571	0.00381	0.1
KD3-93	0.0381	0.0229	0.00381	0.0114	0.0114	0.0152	0.00762	0.00381	0	0.00762	0	0	0	0	0	0.00381	0.00381	0.00762	0.00762	0.0305	0	0.0152	0.019	0.019	0.0114	0.0229	0.0229	0.00762	0.00381	0	0.00762	0.0114	0.0457	0	0.00762	0.0724	0.00381	0.0229	0.00381	0.1
Roseiflexaceae	0.0229	0.0305	0.019	0.00381	0.00762	0.00762	0.00381	0.0114	0.00762	0.0114	0	0.00381	0.00381	0	0	0	0	0.00381	0	0.019	0	0	0	0.0114	0.0114	0.00762	0.0229	0.00762	0.0114	0.00381	0	0.0267	0.0381	0.0419	0.0419	0.0533	0.0533	0.0533	0.0381	0.1
RB41	0.107	0.0381	0.0114	0.0152	0.00381	0.00762	0.0305	0.0229	0.0114	0.0229	0.00762	0	0.00381	0	0	0	0.00381	0.0229	0	0.019	0.0114	0.00381	0	0.0114	0.00762	0.019	0.0114	0.00762	0.0229	0.00762	0.0114	0.0114	0.08	0.244	0.198	0.488	0	0.0838	0	0.1
Sandaracinaceae	0.019	0.00381	0.0152	0.00381	0.00381	0.00762	0	0.0114	0	0.0229	0.00381	0	0	0	0	0	0	0	0	0.0114	0.00762	0	0.00381	0.019	0.00381	0.00762	0.00762	0	0.0114	0	0	0.00381	0.0343	0.0648	0.0305	0.0648	0.0114	0.0114	0.00381	0.1
Nitrospinaceae	0.0267	0.00381	0.0114	0.00381	0.00381	0.0152	0.00381	0	0	0.0114	0	0	0	0	0	0	0	0	0	0.0114	0	0	0	0.00762	0.0114	0.00762	0.0152	0.00762	0.00381	0	0	0.0457	0.0533	0.0381	0.0152	0.0419	0.00762	0.0114	0.00381	0.1
OM1_clade	0.0952	0.0419	0.0267	0.0381	0.0343	0.0381	0.0114	0.0229	0.0305	0.061	0.00381	0.00381	0	0.00381	0.0152	0.00381	0.0114	0.00381	0	0.0762	0	0	0.00381	0.0571	0.0495	0.0343	0.0343	0.019	0.0381	0.00381	0.00762	0.0152	0.53	0.107	0.126	0.187	0.00762	0.00381	0	0.1
PHOS-HE51	0.0152	0.0114	0.00381	0	0	0.00381	0	0	0	0.00381	0	0	0	0	0	0	0	0	0.00381	0.00762	0	0.00762	0	0	0	0.00381	0.00381	0.00762	0.00762	0	0.00381	0.0571	0.00381	0.0343	0.0305	0.0267	0.00381	0.11	0.00381	0.1
NS11-12_marine_group	0.0343	0.00381	0.0305	0.00381	0.00381	0.0114	0.0114	0.00762	0	0.0114	0	0.00762	0	0	0.00381	0	0	0	0	0.019	0	0	0	0.00762	0.00381	0.00762	0.0114	0.0114	0.0229	0	0	0.0305	0.0762	0.0267	0.019	0.0724	0.0229	0.00762	0	0.1
Ellin6055	0.0305	0.0762	0.0533	0.0114	0.0229	0.0419	0.0305	0.00762	0.00762	0.00762	0.00762	0.00762	0.00762	0.0152	0.00762	0.0114	0.0114	0.00381	0.00762	0.0419	0.0152	0.0152	0.00381	0.0495	0.0457	0.0229	0.0229	0.0152	0.0381	0.0152	0.00762	0.0838	0.156	0.168	0.133	0.0571	0.0571	0.137	0.0229	0.1
Family_XII	0.465	0.522	1.18	1.23	0.895	0.922	0.838	0.751	0.812	0.606	0.8	0.632	0.0267	0.0267	0.019	0.0533	0.0381	0.0457	0.0381	0.476	0.0419	0.0381	0.0724	0.888	1.36	1.35	1.47	1.25	1.47	0.0724	0.0914	0.0419	0.00381	0.0838	0.0267	0.00381	0	0.0305	5.52	0.1
Fibrobacteraceae	0.0419	0.0495	0	0.00762	0.00381	0	0.00381	0.00381	0	0.0229	0	0	0	0	0	0	0	0	0	0.019	0	0	0	0.0229	0.0114	0.0114	0.0152	0.0152	0.0229	0	0	0.00762	0.0343	0.0114	0.019	0.16	0	0.0495	0	0.1
SJA-28	0.0267	0.00381	0.0114	0.0114	0.0114	0.00762	0.00762	0.00762	0.00381	0.019	0	0	0	0.00762	0.00381	0	0	0	0	0.0114	0	0	0	0.0114	0	0.0114	0.00381	0	0.0114	0	0.00381	0.0876	0.183	0.0991	0.0914	0.0533	0.0495	0.0419	0.0229	0.1
AKYH478	0.0114	0.019	0.019	0.00762	0.0114	0.0152	0.0114	0.00381	0.00381	0.0229	0.00381	0.00762	0.0114	0	0	0	0.00762	0.00762	0.0229	0.0114	0.00381	0.0152	0	0.019	0.00762	0.00762	0	0.00762	0.0114	0.0114	0.00381	0.00762	0.00381	0.0114	0.00762	0	0.0114	0.0267	0.019	0.1
VHS-B3-70	0.00762	0.00762	0.00381	0	0.00381	0	0	0	0	0.00762	0	0	0	0.00381	0.00381	0	0	0	0	0.00381	0	0	0.00381	0.00381	0	0	0.00762	0	0.00762	0	0	0.0343	0.0495	0.0495	0.0305	0.0952	0.019	0.0838	0.0229	0.1
Desulfurellaceae	0.0457	0.0152	0.00762	0.00762	0.0114	0	0.00381	0.00381	0.0114	0.0229	0.00381	0	0.00381	0.00381	0	0	0.00381	0	0	0.0267	0	0	0	0.00762	0.00381	0.0114	0.0114	0.0152	0.00381	0.00381	0	0.0457	0.164	0.103	0.0571	0.0533	0.0114	0.0114	0.00762	0.1
DEV007	0.08	0.0152	0.00381	0.00381	0.00381	0.0114	0.00762	0.0343	0.00381	0.00381	0.00381	0	0	0.00381	0	0	0	0	0	0.00762	0	0.00381	0	0.00381	0.0114	0.0114	0.00381	0	0.00762	0	0	0.0267	0.0457	0.0152	0.00762	0.0267	0.0305	0.107	0	0.1
Cystobacteraceae	0.0305	0.0381	0.0114	0.00762	0.00381	0	0	0.00381	0	0.00381	0	0.00762	0	0.00381	0	0.0114	0.0114	0.019	0.0114	0.0305	0.0152	0.019	0.00762	0.0114	0.0114	0.0152	0.0152	0.0114	0.00762	0.0381	0.019	0.00762	0.00762	0	0	0	0.00381	0.0229	0.00381	0.1
Promicromonosporaceae	0.0229	0.0381	0.0419	0.0267	0.0343	0.0305	0.0457	0.019	0.00762	0.0457	0.0114	0.0305	0	0.00381	0.0114	0.019	0.00381	0.00762	0.00762	0.0343	0.00762	0	0.0305	0.0495	0.0267	0.0533	0.0419	0.061	0.0229	0.00381	0	0.00381	0	0.00762	0.0419	0	0.0152	0.00762	0.061	0.1
I-10	0.0229	0.00381	0.0229	0.00762	0.00762	0	0.0114	0.00762	0.00381	0.0152	0.00381	0	0	0	0.00381	0	0.00381	0	0.00381	0.00762	0	0	0	0.0229	0.019	0.00762	0.019	0	0.00381	0.00381	0	0.0457	0.0724	0.0381	0.0533	0.0914	0.00762	0.0305	0	0.1
Rhodobiaceae	0.0724	0.0229	0.019	0.019	0.00762	0.019	0.019	0.019	0.00381	0.0457	0.0114	0	0	0	0	0	0.00381	0.00762	0	0.0724	0	0	0.00381	0.0495	0.019	0.0419	0.0305	0.0267	0.0229	0.00762	0	0.141	0.118	0.137	0.103	0.137	0.0952	0.08	0.0152	0.1
11-24	0.0152	0.0114	0.00381	0.00381	0.00762	0	0.0114	0.00381	0	0	0.00381	0	0.00381	0	0	0.00381	0	0	0	0.00381	0	0	0	0.00762	0.00762	0.0114	0	0.00762	0	0	0.00381	0.103	0.0686	0.0533	0.0114	0.019	0.0229	0.24	0.00762	0.1
Carnobacteriaceae	0.0305	0.0114	0.0114	0.0152	0.0229	0.0267	0.0152	0.00762	0.0114	0.00381	0.00381	0	0	0	0	0	0.00381	0	0	0.019	0	0	0.0114	0	0.0267	0.0419	0.0381	0.019	0.0457	0	0	0	0.00381	0	0	0	0	0	0.747	0.1
Oligoflexaceae	0.0267	0.00762	0.0114	0.019	0.00762	0.0114	0.0305	0.00381	0.00381	0.0152	0.00381	0	0.00381	0.00381	0.00381	0	0.00762	0	0.00762	0.0152	0	0.00762	0.00762	0.0114	0.0114	0.019	0.00381	0.00762	0.00762	0	0.00381	0.0152	0	0.00762	0	0	0	0.00381	0	0.1
MNG7	0.0571	0.0381	0.0152	0.0152	0.019	0.0381	0.0152	0.0267	0.0114	0.0381	0.00762	0	0	0.00381	0.00381	0.00762	0.00762	0	0.00762	0.0419	0	0.0114	0.00762	0.0267	0.00762	0.0381	0.0152	0.0229	0.0381	0.00381	0.0114	0.0762	0.221	0.0571	0.0648	0.267	0.0991	0.0762	0.019	0.1
Flammeovirgaceae	0.0571	0.0152	0.00762	0.00381	0.00762	0.0229	0.00381	0.0114	0.00381	0.0114	0	0.00381	0.00381	0.0114	0	0.00381	0.0229	0.0152	0	0.00762	0.00381	0.00381	0	0.00762	0.0114	0.0114	0.0114	0.00762	0.00762	0.00381	0.00381	0.0114	0.0571	0.00381	0.00762	0.0114	0.019	0.0381	0.00381	0.1
Aurantimonadaceae	0	0.019	0.019	0.00381	0.00381	0.0114	0.0152	0.00762	0.00381	0.00381	0.0152	0.019	0.00381	0.00762	0	0.00381	0	0.00381	0.00762	0.0229	0	0	0.00762	0.0152	0.0152	0.00762	0.019	0.00762	0.00762	0	0.00381	0.0343	0.00381	0.019	0.0457	0	0.0114	0.00381	0.0229	0.1
TK34	0.0114	0.00762	0.00762	0.0114	0	0.00762	0.00381	0.00762	0	0.00762	0	0.00381	0	0	0	0	0	0	0	0.00762	0	0	0	0.00762	0.00381	0.00762	0.00381	0	0.00381	0	0	0.00762	0.0305	0.0152	0.0305	0.0533	0.00381	0	0	0.1
Trueperaceae	0.0152	0.019	0.019	0.00381	0.0114	0.00762	0.0114	0.00381	0.0229	0.0267	0.00762	0.00762	0	0.00762	0	0.00762	0.00762	0.00762	0	0.0343	0.00381	0.00381	0.00381	0.0305	0.0152	0.0305	0.00762	0	0.0114	0.00381	0	0.00381	0	0.0229	0.019	0	0	0.0152	0.019	0.1
BIrii41	0.0152	0.0114	0.00381	0.0114	0.00381	0.00762	0	0	0	0.0152	0	0	0	0	0	0	0	0	0	0.0152	0	0	0	0.019	0.0114	0.00762	0.0152	0.00381	0.00381	0	0	0.00381	0.0495	0.0229	0.0381	0.0381	0.0267	0.0229	0	0.1
PAUC26f	0.00762	0.0152	0.0229	0	0.0114	0.00381	0	0.00762	0.00762	0	0	0	0	0.00762	0	0	0	0.00381	0	0.0114	0	0	0	0.019	0.00381	0.0152	0.00381	0.00762	0.00762	0	0	0.0152	0.0457	0.0267	0.0114	0.0305	0.00762	0.0114	0	0.1
A0839	0.0114	0.0114	0	0	0	0	0.00381	0	0	0	0	0	0	0	0.00381	0	0	0	0	0	0	0.00381	0	0.00381	0	0.00762	0.00381	0	0.00381	0	0	0.00762	0.0648	0.019	0.0114	0.0114	0.0267	0.0457	0.00381	0.1
FukuN18_freshwater_group	0.0229	0.00762	0.0114	0.00381	0	0.00762	0.00381	0	0.019	0.0114	0	0.00381	0	0	0	0	0	0	0.00381	0.0152	0	0.00381	0	0	0.0114	0.00381	0.00381	0.00762	0.0114	0	0	0	0.0152	0.00762	0.00381	0.0457	0.0267	0	0	0.1
Oscillochloridaceae	0.0495	0.0229	0.0152	0.0114	0.00762	0.019	0	0.00381	0.019	0.019	0	0	0	0.00762	0.0229	0.0114	0.0114	0.0114	0.0305	0.0229	0.0114	0.019	0.00381	0.0152	0.0267	0.0114	0.00762	0.0152	0.0152	0.00762	0.0152	0.846	0.019	0.392	0.522	0.0152	0.305	0.107	0.331	0.1
KF-JG30-B3	0.0152	0	0.00381	0	0.00762	0.00381	0	0	0	0.0114	0	0	0	0.00381	0	0	0	0	0	0.00381	0	0	0.00381	0	0.00762	0	0.00381	0.00762	0.00762	0.00381	0	0.0914	0.0267	0.0495	0.00762	0.00762	0.00762	0.0305	0.00762	0.1
Patulibacteraceae	0.0419	0.0991	0.061	0.0267	0.019	0.0419	0.0267	0.019	0.0152	0.0533	0.00381	0.00762	0.00762	0.00762	0.00762	0.00762	0.00762	0.00381	0.00381	0.103	0.00762	0.00762	0	0.0495	0.0305	0.0762	0.0457	0.0343	0.0229	0.00381	0.00381	0.0686	0.183	0.145	0.179	0.103	0.0114	0.179	0.0152	0.1
Erysipelotrichaceae	0	0.00381	0	0	0	0	0	0	0	0	0	0	0	0	0	0	0	0	0	0	0	0	0	0.00381	0	0	0	0	0	0	0	0.061	0.061	0.0114	0.0152	0.0381	0.0571	0	0.00762	0.1
Elev-16S-1332	0.0229	0.019	0.00381	0.0114	0.00381	0.00381	0.00381	0	0.00381	0.0114	0.00381	0	0	0.00762	0	0	0	0	0	0.00381	0	0	0	0.00762	0.00381	0.00762	0.019	0.00762	0.0114	0.00381	0.00381	0.0229	0.408	0.118	0.061	0.0533	0.00381	0.0648	0	0.1
NS9_marine_group	0.0305	0.0152	0	0.00381	0.0114	0.00762	0.00381	0	0.00381	0	0	0.00381	0	0	0.00381	0.00762	0.00762	0.0114	0.0114	0.019	0.0229	0.0229	0.00762	0.00381	0.00762	0.0114	0	0.00381	0.00762	0.0114	0.00762	0.0114	0.00762	0	0.0229	0.149	0.0229	0.0229	0.00381	0.1
Myxococcaceae	0.019	0.0495	0.0267	0.00762	0.019	0.0229	0.0229	0.0114	0.0419	0.019	0	0	0	0	0.00381	0	0.00381	0	0	0.0152	0	0.00381	0	0.0457	0.0571	0.0381	0.0343	0.0267	0.0152	0	0	0.00381	0	0.00381	0.00381	0.0114	0.00762	0	0	0.1
Sanguibacteraceae	0.0114	0.0305	0.0571	0.019	0.0381	0.0381	0.0114	0.0267	0.0114	0.0152	0.019	0.0114	0.00381	0.00762	0.00381	0.00762	0	0.00381	0.00381	0.0267	0.00762	0.00381	0	0.061	0.061	0.0571	0.0381	0.0229	0.0229	0	0	0	0	0	0.00381	0	0	0	0.423	0.1
DUNssu044	0.0267	0.0343	0.0114	0.0229	0.0267	0	0.0114	0.00381	0.00381	0.019	0	0.00381	0.00381	0	0	0.00381	0	0	0	0.0114	0	0.00381	0.00381	0.00762	0.00762	0.0152	0.0114	0.0229	0.0267	0	0	0.00762	0.0229	0.0152	0.00381	0.00381	0.00381	0.0229	0	0.1
Chloroflexaceae	0.0229	0.019	0.019	0	0.00762	0.00762	0	0.00381	0	0.00762	0	0	0	0	0	0	0	0	0	0.0152	0	0.00381	0	0.0229	0.019	0.0114	0.0152	0.00381	0.00762	0.00381	0	0.00381	0	0.0114	0.0152	0	0.00381	0.0343	0.0152	0.1
MNC12	0.00762	0.00381	0.00381	0.00381	0	0.019	0.0114	0.00762	0	0.0114	0	0	0	0	0	0	0	0	0	0.00381	0	0	0	0.0152	0.00762	0.00381	0.0114	0.00762	0.0114	0	0	0.0229	0.0419	0.0152	0.0152	0.00762	0.0152	0.0381	0.00762	0.1
FFCH9454	0.0114	0	0	0.00381	0.00381	0.00381	0.00381	0.00762	0	0.00381	0	0	0	0	0	0	0	0	0	0	0	0	0	0.00381	0	0.00381	0.00381	0	0	0	0	0.0152	0.00381	0.00762	0.00762	0.0648	0	0.019	0.00381	0.1
Rhodocyclaceae	0.08	0.0533	0.0229	0.0305	0.0229	0.0267	0.00762	0.0114	0.00381	0.0305	0	0	0.00381	0.00762	0.0267	0.00381	0.0152	0.00762	0.00381	0.0305	0.00381	0.0114	0.00762	0.0229	0.0114	0.0419	0.0267	0.0114	0.0229	0	0	0	0	0.00381	0.00381	0	0.0419	0.019	0.00381	0.0
mle1-27	0.00381	0	0.0114	0	0.00381	0.00381	0	0	0	0.0114	0	0	0	0	0	0	0	0	0.00381	0	0	0	0	0	0	0	0	0	0	0	0	0	0.00381	0.00762	0.0152	0.0114	0	0.00381	0	0.0
Thermoactinomycetaceae	0	0	0	0	0	0	0	0	0	0	0	0	0	0	0	0	0	0	0	0	0	0	0	0	0	0.00381	0	0	0	0.00762	0	0.00762	0.0229	0.0152	0.0152	0.0229	0	0.00381	0	0.0
SJA-149	0.0267	0.00381	0.00381	0.00381	0	0.00381	0	0	0	0.00762	0.00381	0	0	0	0	0	0	0	0	0	0	0	0	0.0114	0.00381	0.0114	0.0114	0.00381	0.00381	0	0	0.00762	0.0305	0.019	0.00762	0.00762	0.00762	0.0343	0	0.0
Simkaniaceae	0	0	0.00381	0.00762	0	0	0.00381	0.00381	0.0152	0.0152	0.00381	0.00762	0	0.00381	0	0.00381	0.00762	0	0.0114	0	0.00762	0.00381	0.00762	0.00762	0	0.0152	0.00381	0	0.00381	0	0	0.00762	0	0	0	0.0114	0	0	0	0.0
Dietziaceae	0.00381	0.0114	0.0229	0.0267	0.0229	0.0152	0.0152	0.019	0.0343	0.0152	0.0152	0.0267	0.0267	0	0.0152	0	0	0.0152	0.00762	0.019	0.00762	0	0.00381	0.0229	0.019	0.0267	0.0267	0.0419	0.0305	0.0114	0.00381	0	0	0	0	0	0	0	0.00381	0.0
Dermabacteraceae	0.0305	0.0533	0.0419	0.0724	0.0457	0.0495	0.0229	0.0229	0.00762	0.0305	0.0152	0.0114	0.00762	0	0.00762	0	0	0.00381	0	0.0495	0.00381	0.00381	0.00762	0.0648	0.0533	0.0495	0.0305	0.0381	0.0495	0.00762	0	0	0	0	0	0	0	0.00381	0.0114	0.0
Elev-16S-1166	0	0	0	0	0	0	0	0	0	0.00381	0	0	0	0	0	0	0	0.00381	0	0	0	0	0	0	0	0	0	0	0.00381	0	0	0.0381	0.0495	0.019	0.00762	0.019	0.0152	0.0571	0.0114	0.0
LD29	0	0.0495	0.0229	0.0267	0.0152	0.0152	0.0152	0.0267	0.0495	0.0305	0	0	0.00381	0.00381	0.00381	0	0.00762	0	0	0.0457	0.00762	0.00381	0.0152	0.0419	0.061	0.0229	0.0152	0.019	0.0267	0.00381	0	0	0	0.00762	0	0	0	0.00381	0	0.0
FFCH7168	0.00381	0.0114	0.00381	0	0.00381	0.00381	0.00762	0	0	0.00762	0	0	0	0	0	0	0	0	0	0.00381	0	0	0	0	0	0.00381	0.00381	0.00762	0	0.00381	0	0.0114	0.00381	0.019	0.0114	0	0.0152	0.0838	0	0.0
DA111	0	0.00762	0.0114	0	0	0	0	0.00381	0.00381	0.00762	0	0	0	0	0	0	0.00381	0	0	0.00381	0.00381	0	0	0.00381	0.00762	0.00762	0.0114	0.00762	0.00762	0	0	0.0114	0.00762	0.0152	0.00762	0.0114	0	0.0114	0	0.0
Bogoriellaceae	0.0381	0.0762	0.0648	0.0876	0.0495	0.08	0.0495	0.0762	0.061	0.0648	0.0648	0.0457	0.0381	0.0876	0.0724	0.061	0.0114	0.0305	0.0419	0.11	0.0305	0.0305	0.0991	0.0838	0.0762	0.0952	0.0686	0.08	0.0457	0.0305	0	0.00381	0	0.00381	0	0	0	0.0114	0.0229	0.0
Aeromonadaceae	0.00762	0	0	0.0114	0.00762	0.00762	0.00762	0	0.00381	0.00381	0	0.00762	0.00381	0	0	0	0	0	0	0.00762	0	0	0	0.00762	0	0.0114	0.00762	0.0114	0.00381	0	0	0	0	0	0	0	0	0	0	0.0
Campylobacteraceae	0	0.0114	0.00762	0.00381	0.00762	0.00381	0.00381	0.0114	0.0114	0.00381	0	0.0114	0	0	0	0	0	0	0	0.00381	0	0	0	0.00762	0.00381	0.0114	0.00381	0.00381	0.00762	0	0	0	0	0	0	0	0	0	0	0.0
D05-2	0	0.0114	0.0152	0.00381	0.00762	0.00381	0.00381	0.00762	0	0.00381	0	0	0	0	0	0.00381	0	0	0	0.00381	0	0	0	0.0114	0	0	0.0152	0	0	0	0.00381	0.00381	0.00762	0.00381	0.00762	0.0229	0.0229	0.00381	0	0.0
Corynebacteriaceae	0.0267	0.0114	0	0.00762	0.019	0.0152	0.0114	0.00762	0.019	0.019	0.0152	0.0152	0.0152	0.0114	0.0229	0.00381	0	0.00762	0.00762	0.0114	0.0114	0.00762	0.0114	0.0229	0.0114	0.0267	0.0114	0.019	0.019	0.0114	0.0229	0.0152	0	0	0.0114	0	0.00381	0	0.00381	0.0
Methylocystaceae	0.00762	0.0114	0	0.0114	0	0.0114	0	0.00762	0.0152	0.00762	0.00381	0	0	0.0114	0.00381	0.0229	0.00381	0.019	0.0114	0.0267	0.00762	0.00762	0.00762	0.0229	0.0152	0.00381	0.00762	0.00762	0.0229	0.00381	0.00381	0.019	0.00381	0.019	0.00762	0	0	0.00762	0.0152	0.0
Sva0996_marine_group	0.00381	0.00381	0	0	0.00381	0	0.00381	0	0	0	0	0	0	0	0	0	0	0	0	0.00381	0	0	0	0	0	0.0114	0.00381	0.00381	0	0	0	0.00381	0	0.00762	0.00762	0	0.00762	0.0152	0	0.0
Chthonomonadaceae	0.00381	0	0	0	0.00381	0	0	0	0	0	0	0	0	0	0	0	0	0	0	0.00762	0	0	0	0.00762	0	0.00381	0	0	0	0	0	0.00381	0	0.0152	0	0.00762	0	0.00381	0	0.0
Syntrophaceae	0.0267	0.00762	0.00381	0	0.00762	0	0.00762	0.00381	0.00381	0.0114	0	0	0.00381	0.00762	0	0	0	0	0	0.00381	0.00381	0	0	0.00762	0.00381	0	0.00762	0.00381	0.00381	0	0.00381	0	0	0	0.00762	0.13	0	0	0	0.0
P3OB-42	0	0	0	0	0	0	0	0	0	0	0	0	0	0	0	0	0	0	0	0	0	0	0	0	0	0	0	0	0	0	0	0.0114	0.0114	0.00762	0.00381	0.0381	0	0	0	0.0
Peptostreptococcaceae	0.00762	0	0	0	0.00762	0	0	0	0	0.00381	0.00762	0	0	0	0	0	0	0	0.00381	0	0.00381	0.00381	0.00762	0	0.00381	0.00381	0	0	0	0	0	0	0	0	0	0	0	0	0	0.0
Spike	0.0952	1.02	0.507	0.594	0.495	0.461	0.827	1.26	3.33	1.04	0.32	0.271	0.69	0.865	0.937	0.632	0.648	0.979	0.602	0.507	0.339	0.667	0.93	0.853	0.629	0.556	0.686	0.419	0.571	0.316	0.217	0.183	0.499	0.739	0.739	1.75	0.0419	0.171	0.107	0.0
Nocardiopsaceae	0.00762	0.00762	0.0114	0.019	0.00762	0	0.00762	0	0.0114	0.0152	0.00381	0	0	0	0	0.00381	0	0	0.00381	0.00762	0	0	0	0.00381	0.00762	0.00381	0.0114	0.00381	0.0114	0	0	0.00381	0	0	0.0229	0	0	0	0	0.0
Conexibacteraceae	0.00762	0	0.00381	0.00381	0.00381	0	0	0.00381	0	0.0152	0.00381	0	0	0.00381	0.00381	0	0	0	0	0.00381	0	0	0	0.00381	0.00381	0.00381	0	0.00381	0.00381	0	0	0.00381	0	0.00381	0.00381	0.00762	0	0	0	0.0
Nitriliruptoraceae	0.00381	0.0229	0.00762	0.019	0.00762	0.00762	0.00762	0.00381	0	0.00762	0	0	0.00381	0	0	0.00381	0.00762	0.00381	0.00762	0.0152	0.00381	0.019	0	0.00762	0.0152	0.0114	0.0114	0.00381	0.0114	0	0.0152	0.00381	0.00381	0.00381	0.00762	0	0	0.019	0	0.0
Staphylococcaceae	0	0.00762	0.00381	0.00762	0.0152	0.00762	0	0.00381	0.00381	0.00762	0.00381	0	0	0	0	0	0	0	0	0	0	0	0	0	0.00762	0.00381	0	0.00381	0.00381	0	0	0	0	0.00381	0.00762	0	0	0	0	0.0
Thiotrichaceae	0	0	0	0	0.00762	0	0.00381	0	0.00381	0.00762	0	0	0	0	0.00381	0.00381	0	0.00381	0	0	0	0.0114	0.00381	0	0	0	0	0	0.00762	0	0	0	0	0	0.00381	0.0229	0	0	0.00381	0.0
alphaI_cluster	0.00381	0.00381	0.00381	0.00381	0	0.0114	0.00381	0	0	0.00762	0.00381	0	0	0.00381	0	0.00762	0	0	0.00381	0.00381	0	0.00381	0	0.0114	0.00381	0.0152	0.0152	0.00762	0	0.00762	0	0	0	0.00381	0	0	0	0.00381	0.00381	0.0
7B-8	0.00762	0.0152	0.00381	0	0	0.00762	0.00381	0.00381	0.00381	0.00381	0	0	0	0	0	0.00381	0	0.00381	0	0.00762	0	0	0	0.0152	0	0.00762	0.00381	0	0	0	0	0	0	0	0	0	0	0	0	0.0
0319-6A21	0.0114	0.0114	0.00381	0.00381	0	0	0	0	0	0	0	0	0	0	0	0	0	0	0	0	0	0	0	0.0114	0	0	0.00381	0	0	0	0	0	0	0.00381	0.00381	0.0343	0	0	0	0.0
planctomycete_WY108	0.00381	0	0.00762	0.019	0.0114	0	0.0114	0.00762	0	0.00381	0	0	0	0	0	0	0	0.0114	0.00381	0.00762	0	0.00381	0	0.0114	0	0	0.00381	0	0.00381	0	0	0.00762	0	0	0.0152	0	0.00381	0.00762	0.00381	0.0
01D2Z36	0.00381	0.00381	0.00381	0.00762	0	0.00381	0	0	0	0.00381	0	0.00381	0.00381	0	0	0.0152	0.0114	0.00762	0	0.0114	0.00381	0	0	0	0.00381	0.00381	0.00381	0	0	0.00381	0	0.00381	0	0	0	0	0.0152	0	0	0.0
AKYG937	0.0152	0.0114	0	0	0.00381	0.00762	0.00381	0.00381	0	0	0	0	0	0.00381	0	0.0114	0.00381	0.0229	0.0114	0.00762	0.0114	0.00381	0	0.00381	0.00381	0.00762	0	0	0.00381	0.0114	0.00381	0.0114	0	0.0114	0.0229	0	0	0.00762	0.0305	0.0
Beutenbergiaceae	0.00762	0.0419	0.0114	0.0114	0.019	0.0229	0.0152	0.0229	0.00762	0.0152	0.0305	0.00762	0.0114	0.00762	0.00762	0.00381	0.00381	0.0152	0.00381	0.0114	0.00762	0.0114	0.00762	0.0267	0.0267	0.00762	0.0267	0.00762	0.0267	0	0.00762	0.0305	0	0.019	0.0152	0	0.00381	0.00381	0.0838	0.0
Blfdi19	0.00381	0.00381	0	0	0.00381	0	0	0	0	0	0	0	0	0	0	0	0.00381	0	0	0.00381	0	0	0	0	0	0	0.00381	0	0	0	0	0	0.0229	0.00381	0.00762	0.0876	0.00381	0	0	0.0
Parvularculaceae	0.00381	0.00762	0	0	0	0	0	0	0	0.00381	0	0	0	0	0	0	0.00381	0	0	0	0	0	0.00381	0.00381	0.00381	0.00762	0.00381	0.00381	0.00762	0	0	0.0343	0	0.0305	0.0305	0	0.0114	0.0838	0.0229	0.0
AKYH767	0.019	0	0.0114	0	0	0	0	0.00381	0	0	0	0	0	0	0	0	0	0	0	0	0	0.00762	0	0.00381	0	0.00381	0	0	0.00381	0	0	0.00762	0.061	0.0305	0.019	0.0381	0.00381	0.0343	0	0.0
Acidothermaceae	0	0.0114	0	0	0	0.00381	0	0.00381	0	0.00762	0	0	0	0	0	0	0	0	0	0	0	0	0	0	0	0	0	0	0.00381	0	0	0	0	0.0114	0.00762	0	0.00381	0	0	0.0
Halomonadaceae	0.00762	0.00381	0	0.00381	0.00381	0.00381	0.00381	0.00381	0	0	0	0	0	0	0.00381	0	0	0	0	0.00381	0	0	0	0	0	0	0	0	0.00762	0	0	0	0	0	0	0	0	0.0114	0	0.0
JG35-K1-AG5	0	0	0	0	0.00381	0	0	0	0	0	0	0	0	0	0	0	0	0	0	0	0	0	0	0	0	0	0	0	0	0	0	0.00381	0.0343	0.00762	0.0114	0.00381	0.0343	0.00381	0	0.0
Glycomycetaceae	0.0305	0.0495	0.0229	0.00762	0.0229	0.0229	0.0152	0.00762	0.00381	0.0114	0	0.00381	0.00381	0	0	0.00381	0	0	0	0.0457	0	0.00381	0	0.0229	0.0114	0.0229	0.019	0.00762	0.00381	0	0	0	0	0.0152	0.0267	0	0	0.00381	0	0.0
Frankiaceae	0.00762	0.00381	0.00381	0.00381	0.00381	0	0	0	0	0.00381	0	0	0	0	0	0	0	0	0	0.00762	0	0	0	0	0.00381	0.00381	0.0152	0.00381	0	0	0	0	0.00381	0	0	0	0	0.00381	0	0.0
GR-WP33-58	0	0.00762	0.00381	0.00381	0	0	0.00381	0	0	0.00762	0	0	0	0	0	0	0	0	0	0.00381	0	0	0	0.00381	0.00762	0	0	0.00381	0.0152	0	0	0	0	0	0	0	0	0	0	0.0
JTB255_marine_benthic_group	0	0	0	0	0	0	0	0	0	0.00762	0	0	0	0	0	0	0	0	0	0.00762	0	0.00381	0	0	0	0.00381	0	0	0	0	0	0	0	0	0	0	0	0.00381	0	0.0
Lachnospiraceae	0.00381	0	0	0.00381	0	0	0.00381	0	0	0	0.00381	0	0	0	0	0	0	0	0	0	0	0.00381	0	0	0.00381	0	0	0	0	0	0	0.0267	0.0229	0.0381	0.019	0.0305	0	0.0114	0.00381	0.0
Leuconostocaceae	0	0	0.00381	0.00762	0	0.00381	0.00381	0	0.00381	0	0	0	0	0	0	0	0	0	0	0.00381	0	0	0.00381	0	0	0.00381	0.00381	0.0152	0.00381	0	0	0	0	0.00381	0	0	0	0	0	0.0
LiUU-11-161	0	0.0152	0.00381	0.00381	0	0.00381	0.00381	0.00762	0	0.00381	0.00381	0.00381	0	0	0	0	0	0	0	0	0	0	0	0.00762	0.00381	0.0114	0.00381	0.00762	0.0152	0	0	0	0	0	0	0	0	0	0	0.0
KCM-B-112	0.0229	0.0114	0.00381	0.0114	0.0114	0	0.00381	0	0.00381	0.00762	0	0	0	0	0	0	0	0	0	0.0114	0	0	0	0.0114	0	0.00762	0.0114	0	0.0152	0	0	0	0	0	0	0	0	0	0	0.0
LD12_freshwater_group	0	0.0343	0.0305	0.0152	0.019	0.0229	0.019	0.0229	0.00381	0.0114	0	0.00381	0	0	0	0	0	0	0	0.0114	0	0	0	0.0114	0.0229	0.0381	0.0114	0.00762	0.00762	0	0	0	0	0	0	0	0	0	0	0.0
Demequinaceae	0	0.0114	0	0	0.00762	0.00762	0.00381	0	0.00381	0.00762	0	0	0.171	0.354	0.16	0.206	0.103	0.21	0.213	0.00762	0.179	0.152	0.0686	0.00381	0	0.00762	0	0.0114	0.00381	0.061	0.0457	0.00381	0.00762	0	0	0	0	0	0.00762	0.0
Shewanellaceae	0.00381	0.00762	0.00762	0	0	0.0229	0.00762	0.00381	0	0	0.00381	0.019	0.0114	0	0.00381	0	0	0	0	0	0	0	0	0	0	0.00381	0.00381	0.00381	0	0	0	0	0	0	0	0	0	0	0	0.0
Piscirickettsiaceae	0.0381	0.00762	0.00381	0	0.00381	0	0.00381	0	0	0.00762	0	0.00381	0	0	0	0	0	0	0	0.00381	0	0	0	0.00762	0	0.00381	0.00381	0.00381	0	0.019	0	0	0	0	0	0	0	0.00381	0	0.0
Sphaerobacteraceae	0.00381	0.0114	0.00381	0	0	0	0	0.00762	0	0.00762	0.00762	0	0	0	0	0	0	0	0	0.00762	0	0	0.00381	0.00381	0	0	0	0	0	0	0	0.00762	0.00762	0.00381	0	0	0	0.0152	0.00381	0.0
DA101_soil_group	0.00381	0.00381	0.0114	0.00381	0	0	0	0	0.00381	0.00381	0	0	0.00381	0	0	0	0.00381	0.00381	0	0.00381	0.00381	0.0114	0	0.00762	0	0.00381	0.00762	0	0.00762	0	0	0.019	0	0.0648	0.0381	0	0	0.0267	0.019	0.0
MWH-CFBk5	0	0.00381	0	0	0	0.00381	0.00381	0.00381	0	0.00381	0	0	0	0	0	0	0	0	0	0	0	0.00381	0	0	0.00762	0	0.00762	0	0	0.00381	0	0	0	0	0	0	0	0	0	0.0
Listeriaceae	0	0	0.0114	0	0	0.00762	0.0114	0	0.00381	0.00381	0	0	0	0	0	0	0	0	0	0	0	0	0	0.00381	0	0.0305	0.00381	0.00762	0	0	0	0	0	0	0	0	0	0	0	0.0
Family_XVIII	0	0.00762	0.00762	0.00381	0	0	0.00381	0.00381	0.00381	0.00762	0	0.00762	0	0	0	0	0	0	0	0	0	0	0	0.00762	0	0.00381	0.00381	0.00381	0	0	0	0	0	0	0.00381	0	0	0	0	0.0
Elev-16S-573	0	0.00381	0	0	0	0	0	0	0	0	0	0	0	0	0	0	0	0	0	0	0	0	0	0	0	0	0	0	0	0	0	0	0	0.019	0	0.0533	0	0	0	0.0
M05-Pitesti	0	0	0.00381	0.00381	0	0	0	0	0	0	0	0	0	0	0.00381	0	0	0.00381	0.00762	0.00381	0	0	0.00381	0.00381	0	0	0.00381	0.00381	0	0	0	0	0	0	0	0	0	0.0229	0	0.0
SM2D12	0	0	0	0	0	0	0	0	0	0	0	0	0	0	0	0	0	0	0	0	0	0	0	0	0	0	0	0	0	0	0	0	0.0686	0.00762	0	0	0	0.00381	0	0.0
