Family	A0	A1	A10	A11	A12	A13	A14	A15	A16	A17	A18	A19	A2	A20	A21	A23	A24	A25	A26	A27	A28	A29	A3	A30	A32	A34	A4	A5	A6	A7	A8	A9	BS2	CS2	G0	G1	G2	G3	G4	G5	GR01	LW1	T1	All
Unassigned	47.9	43.8	29.1	49.6	42	38.5	35.9	29.3	34.1	36	0.933	41.8	30.7	32.6	34.9	7.38	7.62	13.4	30.6	6.43	6.43	14.6	46.8	19.6	7.85	20.9	39.8	35.2	45.4	29.3	35	29.3	14	16.6	29.1	22.5	65.3	34.1	40.3	57.8	67.2	75.1	53.1	63.1
Glomeraceae	0.0819	0.0786	0.072	0.036	0.0229	2.52	0.00982	0.0491	0.105	0.072	0.193	0.0524	0.0688	0.131	0.115	0.272	0.21	0.57	0.0622	0.16	0.0786	0.102	0.0426	0.141	0.363	0.324	0.0786	0.0393	0.095	0.0131	0.141	0.0229	0.183	0.367	0.242	0.102	2.25	0.0557	0.141	0.327	0.295	0.0655	0.0851	3.8
Pezizaceae	16.8	2.29	0.573	4.47	1.71	0.298	1.43	0.531	1.06	0.38	0	0.242	1.25	0.278	0.183	0.00982	0.102	0.157	0.0262	0.108	0.072	0.0393	2.3	0.0491	0.0557	0.236	1.96	1.55	1.46	0.426	0.563	0.95	0.115	0	0	0	0	0	0.00327	0	0.00327	0.0753	0.00327	2.2
Bulleribasidiaceae	3.97	3	1.4	2.81	2.74	2.16	1.91	1.97	2.08	1.78	0.00655	1.57	2.88	1.73	1.36	0.272	0.917	0.00327	0.629	0.239	0.0688	0.56	3.33	0.396	0.0589	0.262	3.39	2.66	3.18	2.78	3.75	3.25	0.00327	0.00982	2.82	2.01	0.305	4.57	6.9	0.596	0.154	5.04	5.37	2.2
Ceratobasidiaceae	0.547	0.272	0.226	0.298	0.128	0.409	0.213	0.0786	0.072	0.0131	0.00327	0.0164	0.134	0.0491	0.0557	0	0.0557	0.17	0.0262	0.111	0.0164	0.0295	0.259	0.0295	0.00655	0.0229	0.39	0.213	0.105	0.0458	0.0491	0.121	0.229	0.095	0	0.00982	0.0164	0	0	0.0131	0.00655	0.00655	0.00982	2.0
Aspergillaceae	0.0295	0.128	0.0393	0.298	0.141	0.164	0.141	0.0589	0.118	0.0426	0	0.036	0.0819	0.19	0.0655	0.036	0.118	0.0196	0.0393	0.0458	0.0196	0.0458	0.095	0.0491	0.036	0.105	0.16	0.0982	0.118	0.0753	0.0753	0.0295	0.0786	0.118	0.00655	0.00327	0.00655	0.036	0.00982	0	0	0.00655	0.00655	1.9
Filobasidiaceae	10.5	15	13.7	12.4	17.7	11.3	17.3	9.09	16.6	12.5	0.0327	18.6	15.8	16.5	15.2	12.4	5.04	6.61	1.07	2.56	2.07	6.47	21	1.83	0.37	3.05	20.1	20.7	16.8	12.4	20.4	12.9	4.71	6.75	56.7	66.7	4.07	50	39.3	0.95	0.115	5.77	36.3	1.7
Pleosporaceae	0.154	0.0753	0.0164	0.147	0.072	0.193	0.0426	0.00327	0.00327	0.0131	0	0.0131	0.0262	0.0327	0.0131	0	0.00655	0	0	0	0	0.0917	0.0557	0	0	0.0426	0.183	0.102	0.0786	0.036	0.072	0.0131	0	0.308	0.0295	0.0164	0	0.144	0.0753	0	0	0.93	0.0327	1.4
Hypocreales_fam_Incertae_sedis	0.0426	0.0491	0	0.0196	0.0393	0.219	0.0327	0.0131	0	0	0	0.0262	0.0589	0.0262	0.00982	0	0.0229	0	0.0393	0	0	0.072	0.0622	0	0.0164	0.036	0.102	0.036	0.0327	0.0164	0.0884	0.102	0	0.00327	0.0393	0.0131	0	0.00655	0.0131	0.00982	0	0.0131	0	1.1
Psathyrellaceae	0.242	0.0524	0.0164	0.0655	0.0131	0.00655	0.0196	0.00327	0.00655	0.0262	0	0	0.0196	0.0295	0.00655	0	0	0	0	0	0	0	0.0622	0	0	0	0.0688	0.0589	0.0589	0.0164	0.0164	0.0131	0	0	0	0.0196	0	0	0	0	0	0	0	1.0
Pyronemataceae	0.724	0.102	0.0622	0.419	0.111	0.0589	0.0131	0.0131	0.0491	0	0	0.0458	0.0688	0.0589	0.0426	0	0	0	0.0295	0	0	0.0327	0.151	0	0	0.151	0.0557	0.154	0.422	0.0688	0.0164	0.0819	0	0.105	0.0131	0.0164	1.28	0.77	0.0262	0.00655	0.00327	0.219	0.0164	0.8
Rhizophlyctidaceae	0.0196	0.0491	0	0.16	0.219	0.0393	0.249	0.0131	0.177	0.00327	0	0.0688	1.04	0	0.00982	0	0	0.0164	0	0.0164	0.00655	0	0.213	0.0295	0	0	0.115	0.324	0.0688	0.0393	0.0524	0.0819	0	0	0	0	0	0	0	0	0	0	0	0.7
Sporidiobolaceae	0.0786	0.177	0.16	0.036	0.0393	0.0688	0.18	0.17	0.0491	0.0589	0	0.0851	0.00327	0.0589	0.0426	0.35	0.0262	0.141	0	0.131	0.0458	0	0.0229	0.544	0	0.0884	0.0196	0.102	0.0164	0.00327	0.196	0.0229	0.118	0	0.0229	0.00982	0	0.0426	0.0327	0	0.00327	0.131	0.00327	0.7
Mortierellaceae	0.0917	0.2	0.036	0.36	0.105	0.147	0.0622	0.0491	0.036	0.0426	0.203	0.193	0.0196	0.0458	0	0	0	0	0	0	0.0164	0	0.239	0.0655	0	0	0.105	0.0327	0.141	0.0491	0.0851	0.124	0	0	0	0	0	0	0	0	0	0	0.00327	0.6
Chaetomiaceae	0.0229	0.17	0.0753	0.216	0.095	0.0851	0.0786	0.0655	0.21	0.0196	0.00982	0.0295	0.0622	0.0131	0.0426	0	0	0	0	0	0	0	0.138	0	0.0917	0.0196	0.0524	0.0753	0.105	0.213	0.0327	0.0982	0	0	0.00327	0	0	0.00982	0.0295	0	0	0.0262	0	0.6
Olpidiaceae	0.0458	0.138	0.308	0.167	0.275	0.134	0.151	0.138	0.318	0.102	0.00327	0.157	0.2	0.2	0.187	0.174	0.694	0.563	0.0786	0.498	0.377	0.196	0.203	0.337	0.308	0.567	0.21	0.19	0.177	0.177	0.121	0.2	0.37	0.416	0	0	0.102	0.00655	0.00327	0.00327	0	0.0229	0.00982	0.6
Mrakiaceae	0.213	0.0786	0	0.0458	0.102	0.00327	0.036	0.00655	0.0622	0.134	0	0.0426	0.105	0.036	0.0131	0.00327	0.00327	0.00327	0	0.00327	0.0491	0	0.0917	0	0.0655	0.0688	0.19	0.095	0.0491	0.0557	0.00655	0.072	0.00655	0.00327	0.0851	0.00655	0.00327	0.0426	0.0524	0.00655	16.3	0.0557	0.0786	0.5
Pichiaceae	0	0	0.0655	0.00982	0.036	0.0229	0.0295	0	0.0589	0	0	0.0131	0	0	0	0	0	0	0	0	0	0.0622	0.0131	0	0	0	0.0655	0	0	0.0655	0.0426	0.0393	0	0	0	0	0	0	0.0196	0	0	0	0	0.5
Diversisporaceae	0	0.00655	0	0.0164	0	0.00327	0.0131	0	0	0	0	0.0131	0.0262	0	0.00982	0	0	0	0	0	0	0	0	0	0	0.0622	0.0196	0.00655	0.00327	0.00982	0.0131	0.0131	0	0.072	0.00655	0.00327	0.167	0.0131	0.0164	0.0491	0.00327	0	0	0.5
Nectriaceae	0.252	0.599	0.242	0.2	0.282	0.229	0.472	0.331	0.105	0.337	0.00327	0.923	0.295	0.737	0.445	0.0196	0.134	0.095	0.0295	0.0426	0.0295	0.124	0.196	0.138	0.0196	0.449	0.259	0.144	0.347	0.2	0.0851	0.252	0.0524	0.00982	8.27	6.35	0.269	3.95	3.21	0.747	1.28	2.07	0.829	0.5
Catenariaceae	0	0.0131	0.00655	0.0458	0.036	0.00327	0.0786	0.0164	0.0688	0.00982	0	0.00655	0	0.00655	0.0491	0	0	0	0	0	0	0	0.00982	0	0	0	0.00655	0.0196	0.0131	0.0229	0.0426	0.0327	0	0	0	0	0	0	0	0	0	0	0	0.5
Malasseziaceae	0.0295	0.0295	0.0262	0.0524	0.0524	0.0196	0.0851	0.0524	0.0196	0.0917	0	0.0688	0.0262	0.16	0.18	0.0753	0.128	0.246	0	0	0.174	0.164	0.00982	0.131	0.0884	0.363	0.0131	0.0196	0.0393	0.0622	0.0884	0.0655	0.842	0.131	0.00327	0	0.0917	0	0.0295	0.036	0	0.00655	0.00327	0.5
Stachybotryaceae	0.164	0.223	0.2	0.524	0.265	0.0557	0.174	0.121	0.344	0.0131	0	0.147	0.233	0.18	0.16	0.0786	0.0131	0	0.0295	0.00327	0.655	0.0295	0.229	0.0327	0.108	0	0.151	0.534	0.239	0.105	0.0622	0.183	0.0426	0.0393	0.609	0.498	0.0295	0.717	0.534	0	0	0	0.0491	0.5
Microascaceae	0	0.0229	0	0.0557	0	0	0.00327	0	0	0.0196	0	0.0164	0	0.00655	0.0229	0.0327	0	0	0	0	0	0	0.0164	0	0	0	0.0327	0.0131	0.036	0.00982	0.0917	0.00327	0	0	0	0	0.00327	0	0.00327	0.0131	0	0	0	0.5
Lasiosphaeriaceae	0.0753	0.128	0	0.0426	0.0229	0.0622	0.0393	0	0.0491	0	0	0	0.00655	0	0	0	0	0	0	0	0	0	0.0524	0	0	0.121	0.0295	0.0131	0.036	0.00655	0	0.0229	0	0.0917	0	0	0	0	0	0	0	0.00327	0.00982	0.5
Podosporaceae	0.0262	0.0917	0.0589	0.174	0.0753	0.0262	0.0426	0.0295	0.0327	0.00655	0	0.0164	0.0557	0.187	0.0229	0	0	0	0	0	0	0	0.0524	0	0	0	0.0917	0.0196	0.102	0.0917	0.124	0.0491	0	0	0	0	0	0	0	0	0	0	0	0.5
Entolomataceae	0.00327	0	0	0	0	0.0491	0	0.0164	0.00327	0	0	0	0	0	0	0	0	0	0	0	0.0262	0	0	0.0557	0	0	0.00982	0	0	0	0	0	0	0	0.00982	0.00655	0.00327	0.00982	0.00655	0	0	0.00982	0	0.4
Bolbitiaceae	0.0196	0.0131	0.0131	0.00327	0.00655	0	0.0196	0	0	0	0	0	0	0	0.0196	0	0.0393	0	0	0.0655	0.00655	0	0.00655	0	0	0.0622	0.00655	0.0262	0.00655	0.00655	0.0131	0.00327	0	0	0	0	0.0196	0.00982	0.00982	0.00982	0.00327	0	0.00327	0.4
Cystofilobasidiaceae	0.0327	0.0164	0.0851	0.0589	0.0229	0.105	0.121	0.0524	0.0426	0.111	0	0.249	0.0229	0.0622	0.0393	0	0	0	0.842	0	0	0	0.0295	0	0.102	0	0.0458	0.0458	0.0851	0.0524	0.138	0.0262	0	0	0.00327	0.0196	0	0.0131	0.0131	0	0.00982	0.229	0.0131	0.4
Cystobasidiaceae	0	0.0393	0.0688	0.00982	0.0819	0.0196	0.0131	0	0	0	0	0	0.0131	0.0262	0	0	0.0753	0	0.072	0	0	0	0.00655	0	0.151	0	0.0262	0.00327	0.0262	0.0164	0.0753	0.036	0.2	0.396	0	0	0	0	0	0	0	0	0	0.4
Rhynchogastremataceae	0.00982	0.0884	0.0884	0.0196	0.115	2.04	0.138	0.0786	0.102	0.0884	0	0.432	0.0295	0.111	0.305	0.432	0	0.383	0.337	0.0982	0.0262	0.416	0.0589	0.501	0.0458	0.409	0.0753	0.0262	0.229	0.0426	0.223	0.275	0.35	0.593	0.0196	0.00655	0.0458	0.00655	0.0196	0.105	0.00327	0.0131	0.0982	0.4
Symmetrosporaceae	0.00327	0	0	0.00655	0	0	0.00982	0	0	0.036	0	0.036	0	0	0	0	0	0	0	0	0	0	0	0	0	0	0.036	0	0	0.0295	0	0.00655	0	0.0491	0	0	0	0.0196	0.0229	0	0	0	0.0229	0.4
Paradictyoarthriniaceae	0.0295	0.0229	0	0.0655	0.00327	0.00327	0	0.036	0.0295	0	0	0.0458	0.0327	0	0.00982	0.036	0	0	0	0	0	0	0.0327	0	0	0.0589	0.0393	0.0262	0.0131	0.0131	0.0262	0.036	0.111	0	0.00327	0	0	0	0	0	0	0.734	0.00655	0.3
Trichosporonaceae	0	0.072	0	0	0.0295	0	0	0	0	0	0	0.0426	0.0229	0	0	0	0	0	0	0	0.095	0	0	0	0.219	0	0	0	0.0491	0.00327	0	0	0	0	0	0	0	0.00327	0	0	0	0	0.00327	0.3
Helotiaceae	0	0.0164	0	0.0229	0.917	0.00655	0.0229	0	0.0917	0	0.00327	0	0	0.00327	0	0	0	0	0	0	0	0	0.0229	0	0	0	0.0426	0.0458	0.0458	0	0	0.0491	0	0	0	0	0	0.00327	0.00327	0	0	0.00327	0	0.3
Dipodascaceae	0.00982	0	0.0491	0.0229	0.57	0.0851	0.036	0.0196	0.0622	0.0131	0	0.0131	0.0131	0	0	0	0	0	0.0327	0	0	0.121	0.00982	0	0.0164	0.111	0	0	0	0	0.00327	0	0	0	0	0	0.00655	0	0	0	0	0.00982	0	0.3
Cladosporiaceae	0.0982	0.485	0.0851	0.285	0.216	0.072	0.233	0.0557	0.311	0.0688	0	0.35	0.0426	0.18	0.115	0.0393	0.00327	0.164	0.0131	0.0262	0	0.275	0.393	0	0	0.0458	0.272	0.2	0.262	0.167	0.0982	0.151	0.0295	0	0.16	0.147	0	0.416	0.337	0.00655	0.00327	0.0557	0.0196	0.2
Stephanosporaceae	0	0	0	0	0	0.298	0	0.00982	0.105	0	0.00327	0.0131	0	0	0.00982	0.0262	0.00655	0.0262	0.00982	0	0	0	0	0	0.00327	0.0524	0	0.00327	0.0196	0.00327	0.0164	0	0.036	0	0	0	0.00655	0	0.00982	0.00982	0	0	0.0524	0.2
Sporormiaceae	0.00327	0	0	0.0524	0	0.00327	0.00655	0	0.00327	0	0	0	0	0	0.0196	0.00982	0	0	0	0	0	0	0.00327	0	0	0	0	0	0	0	0	0	0.0819	0	0	0	0	0.00327	0	0	0	0	0	0.2
Didymellaceae	0	0.0262	0	0	0	0	0.0393	0.00655	0	0	0	0.16	0.00655	0	0	0	0	0	0	0	0	0	0.0131	0	0	0	0	0.036	0	0.0196	0.0229	0	0	0	0	0	0	0.00655	0.0131	0	0	0	0.0196	0.2
Debaryomycetaceae	0	0	0	0.0131	0	0	0	0	0.0458	0	0	0.0262	0	0	0.0196	0	0	0	0	0.0262	0	0	0	0	0	0	0.0131	0	0	0	0.0131	0	0	0	0	0	0	0.00327	0.00327	0	0	0	0	0.2
Saccharomycetales_fam_Incertae_sedis	0	0	0	0	0.00655	0.00327	0.0164	0	0.00327	0	0	0.0229	0	0.00982	0.00327	0	0	0	0	0	0	0	0	0	0	0	0	0	0.0164	0	0	0.0164	0	0	0	0	0	0	0	0	0	0	0	0.2
Wallemiaceae	0.0164	0.0196	0	0.0262	0	0.0622	0.0164	0	0	0	0	0	0	0	0	0	0	0	0	0	0	0	0.00327	0.00327	0	0	0.0164	0.00655	0	0	0	0.00327	0	0	0	0	0.0196	0	0.00327	0	0	0	0	0.2
Pervetustaceae	0	0	0	0	0	0.0917	0	0	0.036	0	0	0	0	0	0	0	0	0	0	0	0	0	0	0.0884	0	0.0655	0	0	0	0	0	0	0	0	0	0	0	0	0	0	0	0	0.0164	0.2
Pezizomycotina_fam_Incertae_sedis	0.0229	0.334	0.0622	0.0164	0.134	0.229	0.0589	0.138	0.0295	0.0262	0	0.0164	0.118	0.00327	0.00982	0	0	0	0	0.0655	0	0	0.0393	0	0	0	0.436	0.18	0.072	0.223	0.036	0.0589	0.0393	0	0	0	0	0.00327	0.00327	0	0	0	0	0.2
Phaeosphaeriaceae	0.095	0.0426	0.0655	0.0131	0.105	0	0.0131	0	0	0	0	0.0262	0.0196	0	0	0.00655	0	0.0131	0.00327	0.00327	0	0	0.147	0.00655	0.00327	0.00327	0.095	0	0.216	0.0262	0.0688	0.0622	0.0589	0.00327	0.301	0.282	0.0557	1.14	0.586	0.0655	13.8	0.0196	0.00655	0.2
Trichosphaeriaceae	0	0	0	0.00655	0	0.00655	0	0	0.0458	0	0	0	0	0.036	0	0	0	0	0	0	0	0	0	0	0	0	0.00982	0.0327	0	0	0	0	0.0557	0.00327	0	0	0	0	0	0	0	0	0	0.2
Spike	17.2	31.9	52.9	25.9	31.5	39.2	40.3	57.4	43.3	48	98.4	34.4	46.5	46.3	46	78.3	84.8	77.3	66.1	88.9	89.7	76.2	23.4	75.9	90	71.1	31	36.9	29.8	53	37.9	51.1	78.3	73.7	1.53	1.18	25.9	3.88	8.24	39.2	0.531	9.25	3.76	0.2
Polyporaceae	0	0	0	0	0	0.00327	0	0	0	0	0	0	0	0	0	0	0	0	0	0	0	0.242	0	0	0	0.115	0	0	0	0	0	0	0	0	0	0	0	0	0	0	0.00327	0.00327	0	0.2
Rhizopodaceae	0.00327	0	0	0.00982	0.00655	0	0	0	0.00655	0	0	0	0.0164	0	0.0622	0	0	0	0	0	0	0	0.00327	0	0	0.00327	0.00982	0.00982	0	0.00655	0.00327	0.00982	0	0	0	0.00327	0	0	0	0	0	0	0	0.2
Strophariaceae	0	0	0	0	0	0.0426	0	0.0164	0	0	0	0	0	0	0.0131	0	0	0.0557	0	0	0	0	0.0131	0	0	0.0164	0	0	0	0	0	0	0	0	0	0	0	0	0.00327	0	0	0	0	0.2
Plectosphaerellaceae	0	0	0	0.00327	0.0131	0.0164	0	0	0	0	0	0	0.0229	0	0	0	0	0	0	0	0	0	0.0196	0	0	0	0.0229	0	0	0	0	0	0	0	0	0.00982	0	0.0262	0.0262	0	0.206	0	0	0.2
Pleosporales_fam_Incertae_sedis	0	0	0	0	0	0.193	0	0	0	0	0	0	0	0.0131	0	0	0	0	0	0	0	0	0	0	0	0.0851	0	0	0	0	0	0	0	0	0	0	0.00655	0	0	0	0	0	0.00327	0.2
Paraglomeraceae	0	0	0	0	0	0.0164	0.00327	0	0	0	0	0.00655	0	0	0	0	0	0	0	0	0	0	0	0	0.00982	0.036	0	0	0.00327	0	0.00327	0	0	0	0	0	0	0	0	0	0	0	0.0196	0.2
Mucoraceae	0.00327	0.00655	0	0	0.00655	0.00655	0.0295	0	0	0.00655	0	0	0.00327	0	0.00655	0	0	0	0	0	0	0	0.00655	0	0.00327	0.0491	0.0196	0.00655	0	0.00327	0.00327	0.00327	0	0	0	0	0	0	0	0	0	0	0	0.2
Conlariaceae	0	0	0	0	0	0.0786	0	0	0	0	0	0	0	0	0	0	0	0	0	0	0	0.0262	0	0.0131	0	0	0	0	0	0	0.00982	0	0	0	0	0	0	0	0	0.00655	0	0	0.0164	0.2
Corticiaceae	0.164	0.0295	0	0.707	0.0229	0.0131	0.0458	0.00327	0	0	0	0.00327	0.00327	0.00327	0	0	0	0	0	0	0	0	0.0295	0	0	0	0.0131	0.0229	0.0327	0.00327	0.00655	0.0327	0	0	0	0	0	0	0	0	0	0	0	0.2
Acrocalymmaceae	0	0	0	0	0	0.0688	0	0	0	0	0	0.036	0	0	0.0196	0	0	0	0	0	0	0.0426	0	0	0	0	0	0	0	0	0	0	0	0	0	0	0	0	0	0	0	0	0.00327	0.2
Irpicaceae	0.0131	0	0	0.00982	0	0.0229	0	0	0	0	0	0	0	0	0	0.00655	0.00327	0	0	0	0	0	0	0	0	0	0	0	0	0	0	0	0	0	0	0	0.00655	0	0	0	0	0	0	0.2
Clavicipitaceae	0	0.00982	0.0262	0.0327	0	0	0.0229	0	0	0	0	0.00982	0.00655	0.0164	0	0	0	0	0	0	0	0	0	0	0	0	0	0	0.00327	0	0.00327	0.00327	0	0	0	0	0	0	0	0	0	0	0	0.1
Conioscyphaceae	0.0131	0	0	0	0	0.206	0	0	0	0	0	0	0	0	0	0	0	0	0	0	0	0	0	0.036	0	0.128	0	0	0	0	0	0	0	0	0	0	0	0	0.00982	0	0	0	0.0164	0.1
Schizophyllaceae	0	0	0.0393	0	0	0	0	0	0	0	0	0	0	0	0	0	0	0	0	0	0	0	0	0	0	0	0	0	0	0.0295	0	0	0	0	0	0	0	0	0	0	0	0	0	0.1
Saccharomycetaceae	0	0	0	0	0	0	0	0	0	0	0	0	0	0	0.0164	0	0	0	0	0	0	0	0	0	0	0	0	0	0	0	0	0	0	0	0	0	0	0	0	0	0	0	0	0.1
Cordycipitaceae	0	0	0	0.0131	0	0	0.00327	0	0	0	0	0	0	0.00655	0	0	0	0	0	0	0	0	0.00655	0	0	0	0	0	0	0.00327	0	0	0	0	0	0	0	0	0	0	0	0.00327	0	0.1
Sordariaceae	0	0	0.0164	0	0	0	0	0	0	0	0	0	0	0	0	0	0	0	0	0	0	0	0	0	0	0	0	0	0	0	0	0.00655	0	0	0	0	0	0	0	0	0	0	0	0.1
Trimorphomycetaceae	0	0	0	0.0196	0	0	0	0	0	0	0	0.00327	0	0	0.0917	0	0	0	0	0	0	0	0.00327	0	0	0	0	0	0	0	0	0	0	0	0	0	0	0	0	0	0	0	0	0.1
Ascobolaceae	0	0.0229	0	0.00327	0.0131	0.00327	0	0	0	0	0	0	0.00982	0	0	0	0	0	0	0	0	0	0.00655	0	0	0	0.0131	0	0	0	0.00327	0	0	0	0	0	0	0	0	0	0	0	0	0.1
Valsaceae	0.0164	0.00655	0	0	0.00327	0	0	0	0	0	0	0	0.0131	0	0	0.0164	0	0	0	0	0	0	0	0	0.00982	0.0393	0.0295	0	0	0	0.00327	0	0	0	0	0	0	0	0	0	0	0	0	0.1
Tubulicrinaceae	0	0	0	0.00655	0.00655	0	0	0.0131	0	0	0	0	0	0	0	0	0	0	0	0	0	0	0	0	0	0	0.00655	0	0	0	0	0	0	0	0	0	0	0	0	0	0	0	0	0.1
Ascodesmidaceae	0.0819	0.00655	0.0131	0.00655	0.00982	0.00327	0	0.0131	0	0	0	0	0	0	0	0	0	0	0	0	0	0	0.0393	0.0262	0	0	0.0262	0	0.00982	0	0.00327	0.0327	0	0	0	0	0	0	0	0	0	0	0	0.1
Bulleraceae	0	0.0262	0	0	0	0	0	0	0	0	0	0	0	0	0	0	0	0	0	0	0	0	0	0	0	0	0.0196	0	0	0	0	0	0	0	0	0	0	0.00327	0.0131	0	0	0	0	0.1
Camarosporidiellaceae	0	0	0	0	0	0	0	0	0	0	0	0	0	0	0	0	0	0	0	0	0.0295	0	0.00327	0	0	0	0	0	0	0	0	0	0	0	0	0	0	0	0	0	0	0	0	0.1
Trechisporales_fam_Incertae_sedis	0	0	0	0	0	0	0	0	0	0	0	0	0	0	0	0	0	0	0	0	0	0	0	0	0	0.0557	0	0	0	0	0	0	0	0	0	0	0	0	0	0	0	0	0	0.1
Bionectriaceae	0.0819	0.0131	0	0.00655	0	0.00327	0	0.00982	0.0327	0	0	0	0	0	0	0	0	0.0524	0	0	0	0	0.00655	0	0	0	0.00327	0	0.00655	0	0	0	0	0	0	0	0	0	0	0	0	0	0.00327	0.1
Phlyctidaceae	0.00327	0.00655	0	0.00327	0	0	0.00655	0	0	0.00327	0	0	0	0.00655	0	0	0	0	0	0	0.00327	0.00655	0.00327	0	0	0	0.00655	0.00327	0.00327	0	0	0	0	0.00982	0	0	0	0	0	0	0	0	0	0.1
Phallaceae	0	0	0	0.00655	0	0.151	0	0	0	0	0	0	0	0	0	0	0	0	0	0	0	0	0	0	0	0	0	0	0	0	0	0	0	0	0	0	0	0	0	0	0	0	0	0.1
Meruliaceae	0	0	0	0	0	0	0	0	0	0	0	0	0	0	0	0	0	0	0	0	0	0	0	0	0	0	0	0	0	0	0	0	0	0.0557	0	0	0	0	0	0	0	0	0.00327	0.1
Microascales_fam_Incertae_sedis	0.0229	0	0	0.00982	0.0262	0	0	0.00982	0.0426	0	0	0	0	0	0	0	0	0	0	0	0	0	0.00655	0	0	0	0.00655	0.0229	0.00327	0	0.0196	0.0426	0	0	0	0	0	0	0	0	0	0	0	0.1
Neopyrenochaetaceae	0.0164	0	0	0	0	0.0131	0	0	0	0	0	0	0	0	0	0	0	0	0	0	0	0	0	0	0	0	0.00655	0	0	0	0	0	0	0	0	0	0	0	0	0	0	0	0	0.1
Ophiocordycipitaceae	0.0196	0.0164	0	0.00327	0	0	0.00327	0.00327	0	0	0	0	0	0	0	0	0	0	0	0	0	0	0	0	0	0	0	0.0131	0.00327	0.00327	0	0.00327	0	0	0	0	0	0	0	0	0	0	0	0.1
Peniophoraceae	0	0	0	0	0	0.0196	0	0	0	0	0	0	0	0	0	0	0	0	0	0.396	0	0	0	0	0	0	0	0	0	0	0	0	0	0	0	0	0	0	0	0	0	0	0	0.1
Neoschizotheciaceae	0	0	0	0	0	0	0.0164	0	0	0	0	0	0	0	0	0	0	0	0	0	0	0	0.00655	0	0	0	0	0	0	0	0	0	0	0	0	0	0	0	0	0	0	0	0	0.1
Onygenaceae	0	0	0	0.0229	0	0	0	0	0	0	0	0	0	0	0	0	0	0	0	0	0	0	0	0	0	0	0	0.00655	0	0.00327	0	0	0	0	0	0	0	0	0	0	0	0	0	0.1
Glomerellaceae	0	0	0	0	0	0	0	0	0	0	0	0	0	0	0	0	0	0	0	0	0	0	0	0	0	0.639	0	0	0	0	0	0	0	0	0	0	0	0	0	0	0	0	0	0.1
Pyxidiophoraceae	0.0196	0.00982	0.0164	0.0196	0	0	0	0.00327	0	0	0	0	0.0131	0	0.00655	0	0	0	0	0	0	0	0	0	0	0	0	0	0	0.00655	0.00327	0.0196	0	0	0	0	0	0	0	0	0	0	0	0.1
Diatrypaceae	0.00982	0	0	0.00655	0	0	0	0	0	0	0	0	0.00982	0	0	0	0	0	0	0	0	0	0.00327	0	0	0	0	0	0.00655	0	0	0	0	0	0	0	0	0	0	0	0	0.00982	0	0.1
Erysiphaceae	0	0	0	0	0	0.0622	0.0131	0	0	0	0.102	0	0	0	0	0.00327	0	0	0	0	0	0	0	0	0	0	0	0	0.00327	0.00982	0.0131	0	0	0	0	0	0	0	0	0.00982	0	0	0.00655	0.1
Herpotrichiellaceae	0	0	0	0	0	0.00327	0	0	0	0	0	0	0	0	0	0	0	0	0	0.036	0	0	0	0	0	0	0.00327	0.0131	0	0	0	0	0	0	0	0	0	0	0	0	0	0	0	0.1
Pluteaceae	0	0.00982	0	0	0	0	0	0	0.036	0	0	0	0	0	0	0	0	0	0	0	0	0	0	0	0	0	0.00327	0	0	0	0	0	0	0	0	0	0	0	0	0	0	0	0	0.1
Melanconidaceae	0	0	0	0	0	0.0458	0	0	0	0	0.0589	0	0	0	0	0	0	0	0	0	0.00982	0	0	0.0229	0	0	0	0	0	0	0	0	0	0.00655	0	0	0	0	0	0	0	0	0	0.1
Leptosphaeriaceae	0	0	0	0	0	0	0	0	0	0	0	0	0	0	0	0	0	0	0	0	0	0	0.0229	0	0	0	0	0	0.00327	0	0	0	0	0	0	0.00327	0	0	0	0.00327	0	0.0753	0	0.1
Lulworthiaceae	0	0	0	0	0	0.0327	0	0	0	0	0	0	0	0	0	0	0	0	0	0	0	0	0	0	0	0	0	0	0	0	0	0	0	0	0	0	0	0	0	0.0295	0	0	0	0.1
